11001000100010001000100010001000
01000100010001000100010001000100
00100010001000100010001000100010
00010001000100010001000100010001
*
11111111111111111111111111111111
01111111111111110111111111111111
00111111111111110111111111111111
00011111111111110111111111111111
00011111111111110111111111111111
00000111111111110111111111111111
10000011111111110111111111111111
11000001111111110111111111111111
11100000111111110111111111111111
11110000011111110111111111111111
11111000000111110111111111111111
11111100000011110111111111111111
11111110000001110111111111111111
11111111000000110111111111111111
11111111100000010111111111111111
*
11111111111111111111111111111111
11111111111100000000111111111111
11111111110000000000001111111111
11111111000000000000000011111111
11111100000001111110000000111111
11111000001111111111110000011111
11110000011111111111111000001111
11110000111111111111111100001111
11100001111111111111111110000111
11100011111111111111111111000111
11000111110001111110001111100011
11000111110001111110001111100011
10000111110001111110001111100001
10001111111111111111111111110001
10001111111111111111111111110001
10001111111111111111111111110001
10001111111111111111111111110001
10001110011111111111111001110001
10001100000111111111100000110001
10000110000000111100000001100001
11000111000000000000000011100011
11000111111000000000011111100011
11100011111110000001111111000111
11100001111111111111111110000111
11110000111111111111111100001111
11110000011111111111111000001111
11111000001111111111110000011111
11111100000001111110000000111111
11111111000000000000000011111111
11111111100000000000000111111111
11111111111100000000111111111111
11111111111111111111111111111111
*