00111111111111111111111111111111
11001111111111111111111111111111
11110011111111111111111111111111
11111100111111111111111111111111
11111111001111111111111111111111
11111111110011111111111111111111
11111111111100111111111111111111
11111111111111001111111111111111
11111111111111110011111111111111
11111111111111111100111111111111
11111111111111111111001111111111
11111111111111111111110011111111
11111111111111111111111100111111
11111111111111111111111111001111
11111111111111111111111111110011
11111111111111111111111111111100
*
00110011111111111111111111111111
11001100111111111111111111111111
00110011001111111111111111111111
11001100110011111111111111111111
11110011001100111111111111111111
11111100110011001111111111111111
11111111001100110011111111111111
11111111110011001100111111111111
11111111111100110011001111111111
11111111111111001100110011111111
11111111111111110011001100111111
11111111111111111100110011001111
11111111111111111111001100110011
11111111111111111111110011001100
11111111111111111111111100110011
11111111111111111111111111001100
*