11111111111111111111111111111111
11111111111100000000111111111111
11111111110000000000001111111111
11111111000000000000000011111111
11111100000001111110000000111111
11111000001111111111110000011111
11110000011111111111111000001111
11110000111111111111111100001111
11100001111111111111111110000111
11100011111111111111111111000111
11000111110001111110001111100011
11000111110001111110001111100011
10000111110001111110001111100001
10001111111111111111111111110001
10001111111111111111111111110001
10001111111111111111111111110001
10001111111111111111111111110001
10001110011111111111111001110001
10001100000111111111100000110001
10000110000000111100000001100001
11000111000000000000000011100011
11000111111000000000011111100011
11100011111110000001111111000111
11100001111111111111111110000111
11110000111111111111111100001111
11110000011111111111111000001111
11111000001111111111110000011111
11111100000001111110000000111111
11111111000000000000000011111111
11111111100000000000000111111111
11111111111100000000111111111111
11111111111111111111111111111111
*
11111111111111111111111111111111
11111111111100000000111111111111
11111111110000000000001111111111
11111111000000000000000011111111
11111100000001111110000000111111
11111000001111111111110000011111
11110000011111111111111000001111
11110000111111111111111100001111
11100001111111111111111110000111
11000011111111111111111111000011
11000111110001111110001111100011
11000111110001111110001111100011
10000111110001111110001111100001
10001111111111111111111111110001
10001111111111111111110111110001
10001111111111111111100011110001
10001111111111111111100011110001
10001111111111111111110111110001
10001111111110000001111111110001
10000111111000000000011111100001
11000111110000000000001111100011
11000111100000111100000111100011
11000011000011111111000011000011
11100001100111111111100110000111
11110000111111111111111100001111
11110000011111111111111000001111
11111000001111111111110000011111
11111100000001111110000000111111
11111111000000000000000011111111
11111111110000000000001111111111
11111111111100000000111111111111
11111111111111111111111111111111
*
11111111111111111111111111111111
11111111111100000000111111111111
11111111110000000000001111111111
11111111000000000000000011111111
11111100000001111110000000111111
11111000001111111111110000011111
11110000011111111111111000001111
11110000111111111111111100001111
11100001111111111111111110000111
11000011111111111111111111000011
11000111110001111110001111100011
11000111110001111110001111100011
10000111110001111110001111100001
10001111111111111111111111110001
10001111111111111111111111110001
10001100000000000000000000110001
10001100000000000000000000110001
10001100000000000000000000110001
10001111111111111111111111110001
10000111111111111111111111100001
11000111111111111111111111100011
11000111111111111111111111100011
11000011111111111111111111000011
11100001111111111111111110000111
11110000111111111111111100001111
11110000011111111111111000001111
11111000001111111111110000011111
11111100000001111110000000111111
11111111000000000000000011111111
11111111110000000000001111111111
11111111111100000000111111111111
11111111111111111111111111111111
*
11111111111111111111111111111111
11111111111100000000111111111111
11111111110000000000001111111111
11111111000000000000000011111111
11111100000001111110000000111111
11111000001111111111110000011111
11110000011111111111111000001111
11110000111111111111111100001111
11100001111111111111111110000111
11000011111111111111111111000011
11000111110001111110001111100011
11000111110001111110001111100011
10000111110001111110001111100001
10001111111111111111111111110001
10001111111111111111111111110001
10001111111111111111111111110001
10001100000000000000000000110001
10001110000000000000000001110001
10001111111001100110011111110001
10000111111001100110011111100001
11000111111001100110011111100011
11000111111001111110011111100011
11000011111000111100011111000011
11100001111100011000111110000111
11110000111100000000111100001111
11110000011110000001111000001111
11111000001111100111110000011111
11111100000001111110000000111111
11111111000000000000000011111111
11111111110000000000001111111111
11111111111100000000111111111111
11111111111111111111111111111111
*
11111111111111111111111111111111
11111111111100000000111111111111
11111111110000000000001111111111
11111111000000000000000011111111
11111100000001111110000000111111
11111000001111111111110000011111
11110000011111111111111000001111
11110000111111111111111100001111
11100001111111111111111110000111
11000011111111111111111111000011
11000111110001111110001111100011
11000111110001111110001111100011
10000111110001111110001111100001
10001111111111111111111111110001
10001111111111111111111111110001
10001111111111111111111111110001
10001100000000000000000000110001
10001100000000000000000000110001
10001100111111111111111100110001
10000100011111111111111000100001
11000110011111111111111001100011
11000110001111111111110001100011
11000011000011111111000011000011
11100001100000111100000110000111
11110000111000000000011100001111
11110000011110000001111000001111
11111000001111111111110000011111
11111100000001111110000000111111
11111111000000000000000011111111
11111111110000000000001111111111
11111111111100000000111111111111
11111111111111111111111111111111
*
11111111111111111111111111111111
11111111111100000000111111111111
11111111110000000000001111111111
11111111000000000000000011111111
11111100000001111110000000111111
11111000001111111111110000011111
11110000011111111111111000001111
11110000111111111111111100001111
11100001100000111100000110000111
11000011011111011011111011000011
11000111010001011010001011100011
11000000010001000010001000000011
10000111010001011010001011100001
10001111011111011011111011110001
10001111100000111100000111110001
10001111111111111111111111110001
10001111111111111111111111110001
10001110011111111111111001110001
10001100000111111111100000110001
10000110000000111100000001100001
11000111000000000000000011100011
11000111110000000000001111100011
11000011111100000000111111000011
11100001111111111111111110000111
11110000111111111111111100001111
11110000011111111111111000001111
11111000001111111111110000011111
11111100000001111110000000111111
11111111000000000000000011111111
11111111110000000000001111111111
11111111111100000000111111111111
11111111111111111111111111111111
*
11111111111111111111111111111111
11111111111100000000111111111111
11111111110000000000001111111111
11111111000000000000000011111111
11111100000001111110000000111111
11111000001111111111110000011111
11110000011111111111111000001111
11110000111111111111111100001111
11100001111111111111111110000111
11000000000000000000000000000011
11000000000000000000000000000011
11000110000000011000000001100011
10000111000000011000000011100001
10001111100000111100000111110001
10001111110001111110001111110001
10001111111111111111111111110001
10001111111111111111111111110001
10001110011111111111111001110001
10001100000111111111100000110001
10000110000000111100000001100001
11000111000000000000000011100011
11000111110000000000001111100011
11000011111100000000111111000011
11100001111111111111111110000111
11110000111111111111111100001111
11110000011111111111111000001111
11111000001111111111110000011111
11111100000001111110000000111111
11111111000000000000000011111111
11111111110000000000001111111111
11111111111100000000111111111111
11111111111111111111111111111111
*
11111111110000000000001111111111
11111111110000000000001111111111
11111110001111111111110001111111
11111110001111111111110001111111
11111101111111111111111110111111
11111101111111111111111110111111
11111110001111111111110001111111
11111110001111111111110001111111
11111111110000000000001111111111
11111111110000000000001111111111
11111111111111111111111111111111
11111111111100000000111111111111
11111111110000000000001111111111
11111111000000000000000011111111
11111100000001111110000000111111
11111000001111111111110000011111
11110000011111111111111000001111
11110000111111111111111100001111
11100001111111111111111110000111
11000011111111111111111111000011
11000111110001111110001111100011
11000111110001111110001111100011
10000111110001111110001111100001
10001111111111111111111111110001
10001111111111111111111111110001
10001111111111111111111111110001
10001111111111111111111111110001
10001110011111111111111001110001
10001100000111111111100000110001
10000110000000111100000001100001
11000111000000000000000011100011
11000111110000000000001111100011
11000011111100000000111111000011
11100001111111111111111110000111
11110000111111111111111100001111
11110000011111111111111000001111
11111000001111111111110000011111
11111100000001111110000000111111
11111111000000000000000011111111
11111111110000000000001111111111
11111111111100000000111111111111
11111111111111111111111111111111
*
11111111111111111111111111111111
11111110011111111111111001111111
11111000111111111111111100011111
11111000111111111111111100011111
11111000111100000000111100011111
11110000010000000000001000001111
11110000000000000000000000001111
11110000000001111110000000001111
11110000001111111111110000001111
11110000011111111111111000001111
11110000111111111111111100001111
11100001111111111111111110000111
11000011111111111111111111000011
11000111110001111110001111100011
11000111110001111110001111100011
10000111110001111110001111100001
10001111111111111111111111110001
10001111111111111111111111110001
10001111111111111111111111110001
10001111111111111111111111110001
10001110011111111111111001110001
10001100000111111111100000110001
10000110000000111100000001100001
11000111000000000000000011100011
11000111110000000000001111100011
11000011111100000000111111000011
11100001111111111111111110000111
11110000111111111111111100001111
11110000011111111111111000001111
11111000001111111111110000011111
11111100000001111110000000111111
11111111000000000000000011111111
11111111110000000000001111111111
11111111111100000000111111111111
11111111111111111111111111111111
*
11111111111111111111111111111111
11111111111100000000111111111111
11111111110000000000001111111111
11111111000000000000000011111111
11111100000001111110000000111111
11111000001111111111110000011111
11110000011111111111111000001111
11110000111111111111111100001111
11100001111111111111111110000111
11000011111111111111111111000011
11000111110001111110001111100011
11000111110001111110001111100011
10000111110001111110001111100001
10001111111111111111111111110001
10001110011111111111111001110001
10001100000111111111100000110001
10001110000001111110000001110001
10001111000000011000000011110001
10001111110000000000001111110001
10000111111100000000111111100001
11000111111000000000011111100011
11000111110000000000001111100011
11000011100000111100000111000011
11100001100011111111000110000111
11110000111111111111111100001111
11110000011111111111111000001111
11111000001111111111110000011111
11111100000001111110000000111111
11111111000000000000000011111111
11111111110000000000001111111111
11111111111100000000111111111111
11111111111111111111111111111111
*