200
01111111111111100111111111111110
10111111111111011011111111111101
11011111111110111101111111111011
11101111111101111110111111110111
11110111111011111111011111101111
11111011110111111111101111011111
11111101101111111111110110111111
11111110011111111111111001111111
11111101101111111111110110111111
11111011110111111111101111011111
11110111111011111111011111101111
11101111111101111110111111110111
11011111111110111101111111111011
10111111111111011011111111111101
01111111111111100111111111111110
10111111111111011011111111111101
11011111111110111101111111111011
11101111111101111110111111110111
11110111111011111111011111101111
11111011110111111111101111011111
11111101101111111111110110111111
11111110011111111111111001111111
11111101101111111111110110111111
11111011110111111111101111011111
11110111111011111111011111101111
11101111111101111110111111110111
11011111111110111101111111111011
10111111111111011011111111111101
01111111111111100111111111111110
10111111111111011011111111111101
11011111111110111101111111111011
11101111111101111110111111110111
11110111111011111111011111101111
11111011110111111111101111011111
11111101101111111111110110111111
11111110011111111111111001111111
11111101101111111111110110111111
11111011110111111111101111011111
11110111111011111111011111101111
11101111111101111110111111110111
11011111111110111101111111111011
10111111111111011011111111111101
01111111111111100111111111111110
10111111111111001100111111111001
11011111111110011111001111110011
11100111111100111111110011100111
11100110111001111100111001001111
11110001111100110110011110011111
11110001111110011000111110011111
11111000111100111000111100111111
11111100011001111100011001111111
11111111000011111110000011111111
11111111100001111100000111111111
11111111110000111000001111111111
11111111111000010000011111111111
11111111111100000000111111111111
11111111111100000000111111111111
11111111111100000000111111111111
11111111111100000000111111111111
11111111111100000000111111111111
11111111111100000000111111111111
11111111111111111111111111111111
11111111111111111111111111111111
11111111111111111111111111111111
11111111111111111111111111111111
11111111111111111111111111111111
11111111111111111111111111111111
11111111111111111111111111111111
11111111111111111111111111111111
*
120
11111111111111111111111111111111
11111111111111111111111111111111
11111111111111111111111111111111
11111111111111111111111111111111
11111111111111000111111111111111
11111111111110000011111111111111
11111111111100000001111111111111
11111111111100000001110000111111
11110000011100000001100000011111
11110000000100000001000000001111
11100000000100000001000000001111
11100000000000000000000000001111
11110000000000000000000000011111
11110000000000000000000000011111
11111000000000000000000000111111
11111100000000011100000011111111
11111111000001111110000100000011
11000000000011111111000000000000
10000000000011111111100000000000
00000000000111111111100000000000
00000000000111111111100000000000
00000000000011111111100000000001
10000000000011111111001000000011
11000001000001111110000011111111
11111100000000011100000000111111
11111000000000000000000000011111
11110000000000000000000000001111
11110000000010000001000000000111
11100000000010000001000000000111
11100000000110000000100000000111
11110000001100000000110000000111
11111000011100000000110000001111
11111111111100000000111110111111
11111111111110000000111111111111
11111111111110000001111111111111
11111111111111000011111111111111
11111111111111111111111111111111
11111111111111111111111111111111
11111111111111111111111111111111
11111111111111111111111111111111
*
100
11111111111111100111111111111111
11111111111111100111111111111111
11111111111111100111111111111111
11111111111111000011111111111111
11111111111111000011111111111111
11111111111111000011111111111111
11111100111111000011111110011111
11111100001110000001111000111111
11111110000010000001100001111111
11111111000000000000000001111111
11111111000000000000000011111111
11111111100000000000000011111111
11111111000000000000000011111111
11111110000000000000000001111111
11110000000000000000000000001111
00000000000000000000000000000000
10000000000000000000000000000001
11110000000000000000000000001111
11111110000000000000000001111111
11111111000000000000000011111111
11111111000000000000000011111111
11111111000000000000000011111111
11111110000000000000000001111111
11111100000100000000100001111111
11111100011110000001111000111111
11111001111111000011111110111111
11111111111111000011111111111111
11111111111111000011111111111111
11111111111111100111111111111111
11111111111111100111111111111111
11111111111111100111111111111111
11111111111111100111111111111111
11111111111111111111111111111111
11111111111111111111111111111111
11111111111111111111111111111111
11111111111111111111111111111111
11111111111111111111111111111111
11111111111111111111111111111111
11111111111111111111111111111111
11111111111111111111111111111111
11111111111111111111111111111111
11111111111111111111111111111111
11111111111111111111111111111111
11111111111111111111111111111111
11111111111111111111111111111111
11111111111111111111111111111111
11111111111111111111111111111111
11111111111111111111111111111111
*
100
11111111111111111111111111111111
11111111111100000000011111111111
11111111100000000000000011111111
11111110000000000000000001111111
11111100000000000000000000011111
11111000000000000000000000001111
11110000000000000000000000000111
11100000000000000011111110000011
11100000000000001111111111100011
11000000000000011111111111110011
11000000000000111111111111111011
10000000000001111111111111111111
10000000000001111111111111111111
10000000000011111111111111111111
10000000000011111111111111111111
10000000000011111111111111111111
10000000000011111111111111111111
10000000000011111111111111111111
10000000000011111111111111111111
10000000000001111111111111111111
10000000000001111111111111111111
11000000000000111111111111111111
11000000000000011111111111111011
11100000000000001111111111100011
11100000000000000111111110000011
11110000000000000000000000000111
11111000000000000000000000001111
11111100000000000000000000011111
11111110000000000000000000111111
11111111100000000000000011111111
11111111111000000000001111111111
11111111111111111111111111111111
11111111111111111111111111111111
11111111111111111111111111111111
11111111111111111111111111111111
11111111111111111111111111111111
11111111111111111111111111111111
11111111111111111111111111111111
11111111111111111111111111111111
11111111111111111111111111111111
11111111111111111111111111111111
11111111111111111111111111111111
11111111111111111111111111111111
11111111111111111111111111111111
11111111111111111111111111111111
11111111111111111111111111111111
11111111111111111111111111111111
11111111111111111111111111111111
*