00111111110001111111100011111111
10011111100100111111001001111110
11001111001110011110011100111100
11100110011111001100111110011001
11110000111111100001111111000011
11111001111111110011111111100111
11110000111111100001111111000011
11100110011111001100111110011001
11001111001110011110011100111100
10011111100100111111001001111110
00111111110001111111100011111111
10011111100100111111001001111110
11001111001110011110011100111100
11100110011111001100111110011001
11110000111111100001111111000011
11111001111111110011111111100111
11110000111111100001111111000011
11100110011111001100111110011001
11001111001110011110011100111100
10011111100100111111001001111110
*
11110000111100001111000011110000
11110000111100001111000011110000
11110000111100001111000011110000
11110000111100001111000011110000
11110000111100001111000011110000
11110000111100001111000011110000
11110000111100001111000011110000
11110000111100001111000011110000
00001111000011110000111100001111
00011100001111000011110000111100
00110000111100001111000011110000
01000011110000111100001111000011
11000011110000111100001111000011
11000011110000111100001111000011
11000011110000111100001111000011
11000011110000111100001111000011
11000011110000111100001111000011
11000011110000111100001111000011
11000011110000111100001111000011
11000011110000111100001111000011
00111100001111000011110000111100
00011110000111100001111000011110
00001111000011110000111100001111
10000111100001111000011110000111
*
11110000111100001111000011110000
11110000111100001111000011110000
11110000111100001111000011110000
11110000111100001111000011110000
11110000111100001111000011110000
11110000111100001111000011110000
11110000111100001111000011110000
11110000111100001111000011110000
11110000111100001111000011110001
11110000111100001111000011111111
11110000111100001111000011111111
11110000111100001111001111001111
11110000111100001111111100001111
11110000111100001111111100001111
11110000111101111000111100001111
11110000111111110000111100001111
11110001111011110000111100001111
11111111000011110000111100001111
11111111000011110000111100001111
11001111000011110000111100001111
00001111000011110000111100001111
00001111000011110000111100001111
00001111000011110000111101111000
00001111000011110000111111110000
00001111000011110001111111110000
00001111000011111111000011110000
00001111000011111111000011110000
00001111001111001111000011110000
00001111111100001111000011110000
00001111111100001111000011110000
01111000111100001111000011110000
11110000111100001111000011110000
11110000111100001111000011110001
11110000111100001111000011111111
11110000111100001111000011111111
11110000111100001111001111001111
11110000111100001111111100001111
11110000111100001111111100001111
11110000111101111000111100001111
11110000111111110000111100001111
11110001111011110000111100001111
11111111000011110000111100001111
11111111000011110000111100001111
11001111000011110000111100001111
*
11001111000011110000111100001111
11111111000011110000111100001111
11111111000011110000111100001111
11110001111011110000111100001111
11110000111111110000111100001111
11110000111101111000111100001111
11110000111100001111111100001111
11110000111100001111111100001111
11110000111100001111001111001111
11110000111100001111000011111111
11110000111100001111000011111111
11110000111100001111000011110001
11110000111100001111000011110000
01111000111100001111000011110000
00001111111100001111000011110000
00001111111100001111000011110000
00001111001111001111000011110000
00001111000011111111000011110000
00001111000011111111000011110000
00001111000011110001111111110000
00001111000011110000111111110000
00001111000011110000111101111000
00001111000011110000111100001111
00001111000011110000111100001111
*
11100111100111100111100111100111
11011111011111011111011111011111
10111110111110111110111110111110
01111101111101111101111101111101
01111101111101111101111101111101
11111011111011111011111011111011
11111011111011111011111011111011
11111011111011111011111011111011
11111011111011111011111011111011
01111101111101111101111101111101
01111101111101111101111101111101
10111110111110111110111110111110
11011111011111011111011111011111
11100111100111100111100111100111
00111000111000111000111000111000
11001111001111001111001111001111
11110111110111110111110111110111
11111011111011111011111011111011
01111101111101111101111101111101
01111101111101111101111101111101
10111110111110111110111110111110
10111110111110111110111110111110
10111110111110111110111110111110
10111110111110111110111110111110
01111101111101111101111101111101
01111101111101111101111101111101
11111011111011111011111011111011
11110111110111110111110111110111
11001111001111001111001111001111
00111000111000111000111000111000
*
01101011011010110110101101101011
10110110101101101011011010110110
11011101110111011101110111011101
11101011111010111110101111101011
11110111111101111111011111110111
11101011111010111110101111101011
11011101110111011101110111011101
11101011111010111110101111101011
11110111111101111111011111110111
11101011111010111110101111101011
11011101110111011101110111011101
01101011011010110110101101101011
10110110101101101011011010110110
11011101110111011101110111011101
11101011111010111110101111101011
11110111111101111111011111110111
11101011111010111110101111101011
11011101110111011101110111011101
11101011111010111110101111101011
11110111111101111111011111110111
11101011111010111110101111101011
11011101110111011101110111011101
*
00011001100001100110000110011000
00110000110011000011001100001100
11100110011110011001111001100111
11001111001100111100110011110011
10011111100001111110000111111001
00111111110011111111001111111100
01111111100111111111100111111110
11111111001111111111110011111111
11111110011111111111111001111111
11111100111111111111111100111111
11111001111111111111111110011111
11111001111111111111111110011111
11111100111111111111111100111111
11111110011111111111111001111111
11111111001111111111110011111111
01111111100111111111100111111110
00111111110011111111001111111100
10011111100001111110000111111001
11001111001100111100110011110011
11100110011110011001111001100111
00110000110011000011001100001100
00011001100001100110000110011000
11001111001100111100110011110011
11100110011110011001111001100111
11110000111111000011111100001111
11111001111111100111111110011111
11110011111111000011111111001111
11100111111110011001111111100111
11001111111100111100111111110011
10011111111001111110011111111001
00111111110011111111001111111100
00111111110011111111001111111100
10011111111001111110011111111001
11001111111100111100111111110011
11100111111110011001111111100111
11110011111111000011111111001111
11111001111111100111111110011111
11110000111111000011111100001111
11100110011110011001111001100111
11001111001100111100110011110011
*
00110011001100110011001100110011
00110011001100110011001100110011
10011001100110011001100110011001
10011001100110011001100110011001
11001100110011001100110011001100
11001100110011001100110011001100
01100110011001100110011001100110
01100110011001100110011001100110
*
00000001110000000111000000011100
10000000111000000011100000001110
11000000011100000001110000000111
11100000001110000000111000000011
01110000000111000000011100000001
00111000000011100000001110000000
00011100000001110000000111000000
00001110000000111000000011100000
00000111000000011100000001110000
00000011100000001110000000111000
00000001110000000111000000011100
10000000111000000011100000001110
11000000011100000001110000000111
11100000001110000000111000000011
01110000000111000000011100000001
00111000000011100000001110000000
00011100000001110000000111000000
00001110000000111000000011100000
00000111000000011100000001110000
00000011100000001110000000111000
*
11100000001111111111100000001111
11111001100111111111001100111111
11110011110011111110011110011111
11100101101001111100101101001111
11101110011101111101110011101111
11101110011101111101110011101111
11100101101001111100101101001111
11110011110011111110011110011111
11111001100111111111001100111111
11111100000001111100000001111111
11111111001100111001100111111111
11111110011110010011110011111111
11111100101101000101101001111111
11111101110011101110011101111111
11111101110011101110011101111111
11111100101101000101101001111111
11111110011110010011110011111111
11111111001100111001100111111111
11111100000001111100000001111111
11111001100111111111001100111111
11110011110011111110011110011111
11100101101001111100101101001111
11101110011101111101110011101111
11101110011101111101110011101111
11100101101001111100101101001111
11110011110011111110011110011111
11111001100111111111001100111111
11100000001111111111100000001111
11001100111111111111111001100111
10011110011111111111110011110011
00101101001111111111100101101001
01110011101111111111101110011101
01110011101111111111101110011101
00101101001111111111100101101001
10011110011111111111110011110011
11001100111111111111111001100111
*
01111111001111011110111100111111
11110111101111001111111000011111
11110011111110000111110000001110
11100001111100000011100000000000
11000000111000000000000000000111
10000000000000000001110000001111
00000000011100000011111000011111
11000000111110000111111100111101
11100001111111001111011110111100
11110011110111101111001111111000
01111011110011111110000111110000
00111111100001111100000011100000
00011111000000111000000000000000
00001110000000000000000001110000
00000000000000011100000011111000
00000111000000111110000111111100
00001111100001111111001111011110
00011111110011110111101111001111
00111101111011110011111110000111
10111100111111100001111100000011
11111000011111000000111000000000
11110000001110000000000000000001
11100000000000000000011100000011
00000000000111000000111110000111
01110000001111100001111111001111
11111000011111110011110111101111
11111100111101111011110011111110
11011110111100111111100001111100
11001111111000011111000000111000
10000111110000001110000000000000
00000011100000000000000000011100
00000000000000000111000000111110
00000001110000001111100001111111
00000011111000011111110011110111
10000111111100111101111011110011
11001111011110111100111111100001
11101111001111111000011111000000
11111110000111110000001110000000
01111100000011100000000000000000
00111000000000000000000111000000
00000000000001110000001111100001
00011100000011111000011111110011
00111110000111111100111111111011
*
10111001001110111001001110111001
01110010011101110010011101110011
00000011111100000011111100000011
10000011111110000011111110000011
11000001111111000001111111000001
11000000111111000000111111000000
01001110111001001110111001001110
10011101110010011101110010011101
11111100000011111100000011111100
11111110000011111110000011111110
01111111000001111111000001111111
00111111000000111111000000111111
10111001001110111001001110111001
01110010011101110010011101110011
00000011111100000011111100000011
10000011111110000011111110000011
11000001111111000001111111000001
11000000111111000000111111000000
01001110111001001110111001001110
10011101110010011101110010011101
11111100000011111100000011111100
11111110000011111110000011111110
01111111000001111111000001111111
00111111000000111111000000111111
10111001001110111001001110111001
01110010011101110010011101110011
00000011111100000011111100000011
10000011111110000011111110000011
11000001111111000001111111000001
11000000111111000000111111000000
01001110111001001110111001001110
10011101110010011101110010011101
11111100000011111100000011111100
11111110000011111110000011111110
01111111000001111111000001111111
00111111000000111111000000111111
*
11011000111111000110110110001111
11110001101101100011111100011011
11100001001100100001111000010011
11001000011110000100110010000111
11011000111111000110110110001111
11110001101101100011111100011011
11100001001100100001111000010011
11001000011110000100110010000111
11011000111111000110110110001111
11110001101101100011111100011011
11100001001100100001111000010011
11001000011110000100110010000111
11011000111111000110110110001111
11110001101101100011111100011011
11100001001100100001111000010011
11001000011110000100110010000111
11011000111111000110110110001111
11110001101101100011111100011011
11100001001100100001111000010011
11001000011110000100110010000111
*
11101000000101111110100000010111
11001100001100111100110000110011
10001110011100011000111001110001
00001111111100000000111111110000
00001111111100000000111111110000
00001111111100000000111111110000
00001111111100000000111111110000
00001111111100000000111111110000
00010111111010000001011111101000
00110011110011000011001111001100
01110001100011100111000110001110
11110000000011111111000000001111
11110000000011111111000000001111
11110000000011111111000000001111
11110000000011111111000000001111
11110000000011111111000000001111
11101000000101111110100000010111
11001100001100111100110000110011
10001110011100011000111001110001
00001111111100000000111111110000
00001111111100000000111111110000
00001111111100000000111111110000
00001111111100000000111111110000
00001111111100000000111111110000
00010111111010000001011111101000
00110011110011000011001111001100
01110001100011100111000110001110
11110000000011111111000000001111
11110000000011111111000000001111
11110000000011111111000000001111
11110000000011111111000000001111
11110000000011111111000000001111
*
11001111111001111111001111111001
10011111110011111110011111110011
00111111100111111100111111100111
00010011100010011100010011100010
00000111000000111000000111000000
00001110000001110000001110000001
00011100000011100000011100000011
11011111011011111011011111011011
10011111110011111110011111110011
00111111100111111100111111100111
01111111001111111001111111001111
00100111000100111000100111000100
00001110000001110000001110000001
00011100000011100000011100000011
00111000000111000000111000000111
10111110110111110110111110110111
00111111100111111100111111100111
01111111001111111001111111001111
11111110011111110011111110011111
01001110001001110001001110001001
00011100000011100000011100000011
00111000000111000000111000000111
01110000001110000001110000001110
01111101101111101101111101101111
01111111001111111001111111001111
11111110011111110011111110011111
11111100111111100111111100111111
10011100010011100010011100010011
00111000000111000000111000000111
01110000001110000001110000001110
11100000011100000011100000011100
11111011011111011011111011011111
11111110011111110011111110011111
11111100111111100111111100111111
11111001111111001111111001111111
00111000100111000100111000100111
01110000001110000001110000001110
11100000011100000011100000011100
11000000111000000111000000111000
11110110111110110111110110111110
11111100111111100111111100111111
11111001111111001111111001111111
11110011111110011111110011111110
01110001001110001001110001001110
11100000011100000011100000011100
11000000111000000111000000111000
10000001110000001110000001110000
11101101111101101111101101111101
11111001111111001111111001111111
11110011111110011111110011111110
11100111111100111111100111111100
11100010011100010011100010011100
11000000111000000111000000111000
10000001110000001110000001110000
00000011100000011100000011100000
11011011111011011111011011111011
11110011111110011111110011111110
11100111111100111111100111111100
11001111111001111111001111111001
11000100111000100111000100111000
10000001110000001110000001110000
00000011100000011100000011100000
00000111000000111000000111000000
10110111110110111110110111110110
11100111111100111111100111111100
11001111111001111111001111111001
10011111110011111110011111110011
10001001110001001110001001110001
00000011100000011100000011100000
00000111000000111000000111000000
00001110000001110000001110000001
01101111101101111101101111101101
*
00000000000000000000000000000000
11111110111111101111111011111110
10000010100000101000001010000010
10111010101110101011101010111010
10101010101010101010101010101010
10111010101110101011101010111010
10000010100000101000001010000010
11111110111111101111111011111110
00000000000000000000000000000000
00000000000000000000000000000000
01111111011111110111111101111111
01000001010000010100000101000001
01011101010111010101110101011101
01010101010101010101010101010101
01011101010111010101110101011101
01000001010000010100000101000001
01111111011111110111111101111111
00000000000000000000000000000000
*
00011000011000011000011000011000
11011011011011011011011011011011
11011011011011011011011011011011
00011000011000011000011000011000
11000011000011000011000011000011
11011011011011011011011011011011
11011011011011011011011011011011
11000011000011000011000011000011
00011000011000011000011000011000
11011011011011011011011011011011
11011011011011011011011011011011
00011000011000011000011000011000
11000011000011000011000011000011
11011011011011011011011011011011
11011011011011011011011011011011
11000011000011000011000011000011
00011000011000011000011000011000
11011011011011011011011011011011
11011011011011011011011011011011
00011000011000011000011000011000
11000011000011000011000011000011
11011011011011011011011011011011
11011011011011011011011011011011
11000011000011000011000011000011
*
11100111111001111110011111100111
11000011110000111100001111000011
10011001100110011001100110011001
00111100001111000011110000111100
00111100001111000011110000111100
10011001100110011001100110011001
11000011110000111100001111000011
11100111111001111110011111100111
11111110011111100111111001111111
11111100001111000011110000111111
11111001100110011001100110011111
11110011110000111100001111001111
11110011110000111100001111001111
11111001100110011001100110011111
11111100001111000011110000111111
11111110011111100111111001111111
11100111111001111110011111100111
11000011110000111100001111000011
10011001100110011001100110011001
00111100001111000011110000111100
00111100001111000011110000111100
10011001100110011001100110011001
11000011110000111100001111000011
11100111111001111110011111100111
11111110011111100111111001111111
11111100001111000011110000111111
11111001100110011001100110011111
11110011110000111100001111001111
11110011110000111100001111001111
11111001100110011001100110011111
11111100001111000011110000111111
11111110011111100111111001111111
*
01101011100111011100000111000000
01110111000000110000001110111001
00001100000011101110011101011011
00111011100111010110111010101011
01110101101110101010111011010111
11101010101110110101110011101110
11101101011100111011100000011000
11001110111000000110000001110111
10000001100000011101110011101011
00000111011100111010110111010101
11001110101101110101010111011010
11011101010101110110101110011101
01011101101011100111011100000011
10111001110111000000110000001110
01110000001100000011101110011101
11000000111011100111010110111010
10111001110101101110101010111011
01011011101010101110110101110011
10101011101101011100111011100000
11010111001110111000000110000001
11101110000001100000011101110011
00011000000111011100111010110111
01110111001110101101110101010111
11101011011101010101110110101110
11010101011101101011100111011100
11011010111001110111000000110000
10011101110000001100000011101110
00000011000000111011100111010110
00001110111001110101101110101010
10011101011011101010101110110101
10111010101011101101011100111011
10111011010111001110111000000110
01110011101110000001100000011101
11100000011000000111011100111010
10000001110111001110101101110101
01110011101011011101010101110110
10110111010101011101101011100111
01010111011010111001110111000000
10101110011101110000001100000011
11011100000011000000111011100111
00110000001110111001110101101110
11101110011101011011101010101110
11010110111010101011101101011100
10101010111011010111001110111000
10110101110011101110000001100000
00111011100000011000000111011100
00000110000001110111001110101101
00011101110011101011011101010101
00111010110111010101011101101011
01110101010111011010111001110111
01110110101110011101110000001100
11100111011100000011000000111011
11000000110000001110111001110101
00000011101110011101011011101010
11100111010110111010101011101101
01101110101010111011010111001110
10101110110101110011101110000001
01011100111011100000011000000111
10111000000110000001110111001110
01100000011101110011101011011101
11011100111010110111010101011101
10101101110101010111011010111001
01010101110110101110011101110000
*
11011111101111110111111011111101
00100000010000001000000100000010
00100110010011001001100100110010
10101001010100101010010101001010
10101001010100101010010101001010
00100110010011001001100100110010
00100000010000001000000100000010
11011111101111110111111011111101
00100000010000001000000100000010
00100110010011001001100100110010
10101001010100101010010101001010
10101001010100101010010101001010
00100110010011001001100100110010
00100000010000001000000100000010
11011111101111110111111011111101
00100000010000001000000100000010
00100110010011001001100100110010
10101001010100101010010101001010
10101001010100101010010101001010
00100110010011001001100100110010
00100000010000001000000100000010
*
11110000111100001111000011110000
11110000111100001111000011110000
11110000111100001111000011110000
11110000111100001111000011110000
11110000111100001111000011110000
11110000111100001111000011110000
11110000111100001111000011110000
11110000111100001111000011110000
00001111000011110000111100001111
00111100001111000011110000111100
01110000111100001111000011110000
11000011110000111100001111000011
11000011110000111100001111000011
11000011110000111100001111000011
11000011110000111100001111000011
11000011110000111100001111000011
11000011110000111100001111000011
11000011110000111100001111000011
11000011110000111100001111000011
00111100001111000011110000111100
00001111000011110000111100001111
11000011110000111100001111000011
*