11111111111111111111111111111111
11111111100001111111111111111111
11000011110000111111111111111111
11100001101101111111111111111111
11011011000000111111111111111111
10000001100000011111111111111111
11000000110000011111111111111111
11100000101111101110111111111111
11011101000000000010011111111111
10000000110000000001000011111111
11100000011000000000100000111111
11110000011000000000010000001111
00110000011000001100010001111000
00000000010001111110111110000111
00001110111111111100000000111111
00000011111100000000000011111111
00000000000000000000000111111111
00000000000000000000001111111111
00000000000000000000011111111111
10000000000000000000111111111111
11100000000000000011111111111111
11111111111111111111111111111111
*
11111111111111111111111111111111
11111111111110001111101111111111
11111111100000000001001110111111
11111111000000000001001110111111
11111110100001000011011110111111
11011000111111111110011100111111
11010101111011111110011100111111
11010101111011111100011101111111
11101101111011111000011101111111
11101101111011111000011101111111
11100001000111111000011101111111
01100010000101111100011001101111
01011111001100000011111001001111
01011011110100001110011001000111
00011011110110011110111011000111
11010011110111111100111011000011
11001111101111111100111010000011
10010011101111111000111010000011
10010011101111111000111011000001
11010001111111110000111001000001
11001100001111110000111001000001
11000100001111110000111000000001
11000010000111110000111100000000
11000001100111110001111100000000
11000000110011110001111100000000
11000000001001111011111110000000
11100000001100011101111110000000
11100000100110000001111100000000
11100000110111000001111000000000
11110000011011111001110000000000
11110000001111111011100000000001
11111000001111111011100000000001
11111000000111110011000000000001
11111100000110110011000000000001
11111110000010010110000000000001
11111110000000010110000000000011
11111111000000010110000000000011
11111111100000010110000000000111
11111111111000001100000000001111
11111111111000001100000000011111
11111111111110001000000000111111
11111111111111110100000111111111
11111111111111110111111111111111
11111111111111110111111111111111
11111111111111111111111111111111
*
00000000000000000000000000000000
00000000011110000000000000000000
00111100001111000000000000000000
00011110010010000000000000000000
00100100111111000000000000000000
01111110011111100000000000000000
00111111001111100000000000000000
00011111010000010001000000000000
00100010111111111101100000000000
01111111001111111110111100000000
00011111100111111111011111000000
00001111100111111111101111110000
11001111100111110011101110000111
11111111101110000001000001111000
11110001000000000011111111000000
11111100000011111111111100000000
11111111111111111111111000000000
11111111111111111111110000000000
11111111111111111111100000000000
01111111111111111111000000000000
00011111111111111100000000000000
00000000000000000000000000000000
*
00000000000000000000000000000000
00000000000001110000010000000000
00000000011111111110110001000000
00000000111111111110110001000000
00000001011110111100100001000000
00100111000000000001100011000000
00101010000100000001100011000000
00101010000100000011100010000000
00010010000100000111100010000000
00010010000100000111100010000000
00011110111000000111100010000000
10011101111010000011100110010000
10100000110011111100000110110000
10100100001011110001100110111000
11100100001001100001000100111000
00101100001000000011000100111100
00110000010000000011000101111100
01101100010000000111000101111100
01101100010000000111000100111110
00101110000000001111000110111110
00110011110000001111000110111110
00111011110000001111000111111110
00111101111000001111000011111111
00111110011000001110000011111111
00111111001100001110000011111111
00111111110110000100000001111111
00011111110011100010000001111111
00011111011001111110000011111111
00011111001000111110000111111111
00001111100100000110001111111111
00001111110000000100011111111110
00000111110000000100011111111110
00000111111000001100111111111110
00000011111001001100111111111110
00000001111101101001111111111110
00000001111111101001111111111100
00000000111111101001111111111100
00000000011111101001111111111000
00000000000111110011111111110000
00000000000111110011111111100000
00000000000001110111111111000000
00000000000000001011111000000000
00000000000000001000000000000000
00000000000000001000000000000000
00000000000000000000000000000000
*