11111111111111111111111111111111
11111111111100000000111111111111
11111111110000000000001111111111
11111111000000000000000011111111
11111100000001111110000000111111
11111000001111111111110000011111
11110000011111111111111000001111
11110000111111111111111100001111
11100001111111111111111110000111
11000011111111111111111111000011
11000111110001111110001111100011
11000111110001111110001111100011
10000111110001111110001111100001
10001111111111111111111111110001
10001111111111111111110111110001
10001111111111111111100011110001
10001111111111111111100011110001
10001111111111111111110111110001
10001111111110000001111111110001
10000111111000000000011111100001
11000111110000000000001111100011
11000111100000111100000111100011
11000011000011111111000011000011
11100001100111111111100110000111
11110000111111111111111100001111
11110000011111111111111000001111
11111000001111111111110000011111
11111100000001111110000000111111
11111111000000000000000011111111
11111111110000000000001111111111
11111111111100000000111111111111
11111111111111111111111111111111
*
11111111111111111111111111111111
11111111111100000000111111111111
11111111110000000000001111111111
11111111000000000000000011111111
11111100000001111110000000111111
11111000001111111111110000011111
11110000011111111111111000001111
11110000111111111111111100001111
11100001111111111111111110000111
11000011111111111111111111000011
11000111110001111110001111100011
11000111110001111110001111100011
10000111110001111110001111100001
10001111111111111111111111110001
10001111111111111111111111110001
10001100000000000000000000110001
10001100000000000000000000110001
10001100000000000000000000110001
10001111111111111111111111110001
10000111111111111111111111100001
11000111111111111111111111100011
11000111111111111111111111100011
11000011111111111111111111000011
11100001111111111111111110000111
11110000111111111111111100001111
11110000011111111111111000001111
11111000001111111111110000011111
11111100000001111110000000111111
11111111000000000000000011111111
11111111110000000000001111111111
11111111111100000000111111111111
11111111111111111111111111111111
*
11111111111111111111111111111111
11111111111100000000111111111111
11111111110000000000001111111111
11111111000000000000000011111111
11111100000001111110000000111111
11111000001111111111110000011111
11110000011111111111111000001111
11110000111111111111111100001111
11100001111111111111111110000111
11000011111111111111111111000011
11000111110001111110001111100011
11000111110001111110001111100011
10000111110001111110001111100001
10001111111111111111111111110001
10001111111111111111111111110001
10001111111111111111111111110001
10001100000000000000000000110001
10001110000000000000000001110001
10001111111001100110011111110001
10000111111001100110011111100001
11000111111001100110011111100011
11000111111001111110011111100011
11000011111000111100011111000011
11100001111100011000111110000111
11110000111100000000111100001111
11110000011110000001111000001111
11111000001111100111110000011111
11111100000001111110000000111111
11111111000000000000000011111111
11111111110000000000001111111111
11111111111100000000111111111111
11111111111111111111111111111111
*
11111111111111111111111111111111
11111111111100000000111111111111
11111111110000000000001111111111
11111111000000000000000011111111
11111100000001111110000000111111
11111000001111111111110000011111
11110000011111111111111000001111
11110000111111111111111100001111
11100001111111111111111110000111
11000011111111111111111111000011
11000111110001111110001111100011
11000111110001111110001111100011
10000111110001111110001111100001
10001111111111111111111111110001
10001111111111111111111111110001
10001111111111111111111111110001
10001100000000000000000000110001
10001100000000000000000000110001
10001100111111111111111100110001
10000100011111111111111000100001
11000110011111111111111001100011
11000110001111111111110001100011
11000011000011111111000011000011
11100001100000111100000110000111
11110000111000000000011100001111
11110000011110000001111000001111
11111000001111111111110000011111
11111100000001111110000000111111
11111111000000000000000011111111
11111111110000000000001111111111
11111111111100000000111111111111
11111111111111111111111111111111
*
11111111111111111111111111111111
11111111111100000000111111111111
11111111110000000000001111111111
11111111000000000000000011111111
11111100000001111110000000111111
11111000001111111111110000011111
11110000011111111111111000001111
11110000111111111111111100001111
11100001100000111100000110000111
11000011011111011011111011000011
11000111010001011010001011100011
11000000010001000010001000000011
10000111010001011010001011100001
10001111011111011011111011110001
10001111100000111100000111110001
10001111111111111111111111110001
10001111111111111111111111110001
10001110011111111111111001110001
10001100000111111111100000110001
10000110000000111100000001100001
11000111000000000000000011100011
11000111110000000000001111100011
11000011111100000000111111000011
11100001111111111111111110000111
11110000111111111111111100001111
11110000011111111111111000001111
11111000001111111111110000011111
11111100000001111110000000111111
11111111000000000000000011111111
11111111110000000000001111111111
11111111111100000000111111111111
11111111111111111111111111111111
*
11111111111111111111111111111111
11111111111100000000111111111111
11111111110000000000001111111111
11111111000000000000000011111111
11111100000001111110000000111111
11111000001111111111110000011111
11110000011111111111111000001111
11110000111111111111111100001111
11100001111111111111111110000111
11000000000000000000000000000011
11000000000000000000000000000011
11000110000000011000000001100011
10000111000000011000000011100001
10001111100000111100000111110001
10001111110001111110001111110001
10001111111111111111111111110001
10001111111111111111111111110001
10001110011111111111111001110001
10001100000111111111100000110001
10000110000000111100000001100001
11000111000000000000000011100011
11000111110000000000001111100011
11000011111100000000111111000011
11100001111111111111111110000111
11110000111111111111111100001111
11110000011111111111111000001111
11111000001111111111110000011111
11111100000001111110000000111111
11111111000000000000000011111111
11111111110000000000001111111111
11111111111100000000111111111111
11111111111111111111111111111111
*
11111111110000000000001111111111
11111110001111111111110001111111
11111101111111111111111110111111
11111110001111111111110001111111
11111111110000000000001111111111
11111111111111111111111111111111
11111111111100000000111111111111
11111111110000000000001111111111
11111111000000000000000011111111
11111100000001111110000000111111
11111000001111111111110000011111
11110000011111111111111000001111
11110000111111111111111100001111
11100001111111111111111110000111
11000011111111111111111111000011
11000111110001111110001111100011
11000111110001111110001111100011
10000111110001111110001111100001
10001111111111111111111111110001
10001111111111111111111111110001
10001111111111111111111111110001
10001111111111111111111111110001
10001110011111111111111001110001
10001100000111111111100000110001
10000110000000111100000001100001
11000111000000000000000011100011
11000111110000000000001111100011
11000011111100000000111111000011
11100001111111111111111110000111
11110000111111111111111100001111
11110000011111111111111000001111
11111000001111111111110000011111
11111100000001111110000000111111
11111111000000000000000011111111
11111111110000000000001111111111
11111111111100000000111111111111
11111111111111111111111111111111
*
11111111111111111111111111111111
11111110011111111111111001111111
11111000111111111111111100011111
11111000111111111111111100011111
11111000111100000000111100011111
11110000010000000000001000001111
11110000000000000000000000001111
11110000000001111110000000001111
11110000001111111111110000001111
11110000011111111111111000001111
11110000111111111111111100001111
11100001111111111111111110000111
11000011111111111111111111000011
11000111110001111110001111100011
11000111110001111110001111100011
10000111110001111110001111100001
10001111111111111111111111110001
10001111111111111111111111110001
10001111111111111111111111110001
10001111111111111111111111110001
10001110011111111111111001110001
10001100000111111111100000110001
10000110000000111100000001100001
11000111000000000000000011100011
11000111110000000000001111100011
11000011111100000000111111000011
11100001111111111111111110000111
11110000111111111111111100001111
11110000011111111111111000001111
11111000001111111111110000011111
11111100000001111110000000111111
11111111000000000000000011111111
11111111110000000000001111111111
11111111111100000000111111111111
11111111111111111111111111111111
*
11111111111111111111111111111111
11111111111100000000111111111111
11111111110000000000001111111111
11111111000000000000000011111111
11111100000001111110000000111111
11111000001111111111110000011111
11110000011111111111111000001111
11110000111111111111111100001111
11100001111111111111111110000111
11000011111111111111111111000011
11000111110001111110001111100011
11000111110001111110001111100011
10000111110001111110001111100001
10001111111111111111111111110001
10001110011111111111111001110001
10001100000111111111100000110001
10001110000001111110000001110001
10001111000000011000000011110001
10001111110000000000001111110001
10000111111100000000111111100001
11000111111000000000011111100011
11000111110000000000001111100011
11000011100000111100000111000011
11100001100011111111000110000111
11110000111111111111111100001111
11110000011111111111111000001111
11111000001111111111110000011111
11111100000001111110000000111111
11111111000000000000000011111111
11111111110000000000001111111111
11111111111100000000111111111111
11111111111111111111111111111111
*
11111111111111111111111111111111
11111111100001111111111111111111
11000011110000111111111111111111
11100001101101111111111111111111
11011011000000111111111111111111
10000001100000011111111111111111
11000000110000011111111111111111
11100000101111101110111111111111
11011101000000000010011111111111
10000000110000000001000011111111
11100000011000000000100000111111
11110000011000000000010000001111
00110000011000001100010001111000
00000000010001111110111110000111
00001110111111111100000000111111
00000011111100000000000011111111
00000000000000000000000111111111
00000000000000000000001111111111
00000000000000000000011111111111
10000000000000000000111111111111
11100000000000000011111111111111
11111111111111111111111111111111
*
11111111111111111111111111111111
11111111100011111111000111111111
11111111110001111110001111111111
11111111111000000000011111111111
11111111111000000000011111111111
11111111111000000000011111111111
11111111111000000000011111111111
11111111111000000000011111111111
10000111111000000000011111100001
10000011111000000000011111000001
11000011111100000000111111000011
11110011111110000001111111001111
11110011111110000001111111001111
11110001111000000000011110001111
11110000011000000000011000001111
11111000000000000000000000011111
11111100000000000000000000111111
11111111000000000000000011111111
11111111000000000000000011111111
00011110000000000000000001111000
00011110000000000000000001111000
00000000000000000000000000000000
10000000000000000000000000000001
11111110000000000000000001111111
11111110000000000000000001111111
11111110000000000000000001111111
11111110000000000000000001111111
11111000000000000000000000011111
11111000000000000000000000011111
11100000000000000000000000000111
11100000000000000000000000000111
11100111100000000000000111100111
11100111100000000000000111100111
10000111100000000000000111100001
00000111110000000000001111100000
00001111111000000000011111110000
11111111111111111111111111111111
*
11111111111111111111111111111111
11111111100111111111111111111111
11111111011011111111111111111111
11111111011011111111100111111111
11111111011011111111011011111111
11111111011011111111011011111111
11111111011011111111011011111111
11111111011010011111011011111111
11111111011001101001011011111111
11111111011001100110011011111111
11111111011101100110011011111111
11111111011101100110111011111111
11111111011101100110111011111111
11111111011101100110111011111111
11111110000000010110110011111111
11111110111110111001110111111111
11111110111110111111110111111111
11111111000001111111110111111111
11111111101111111111100111111111
11111111100111111111001111111111
11111111110011111110011111111111
11111111111000111100111111111111
11111111111110000001111111111111
11111111111111111111111111111111
*
11111111111111111111111111111111
11111111111100000000111111111111
11111111110000000000001111111111
11111111000000000000000011111111
11111100000001111110000000111111
11111000001111100111110000011111
11110000011011100111011000001111
11110000110011100111001100001111
11100001111001111110011110000111
11000011011011100111011011000011
11000110011111100111111001100011
11000111001111100111110011100011
10000111011111100111111011100001
10001111111111100111111111110001
10001111111111100111111111110001
10001000111111100000011100010001
10001000111111100000011100010001
10001111111111111111111111110001
10001111111111111111111111110001
10000111011111111111111011100001
11000111001111111111110011100011
11000110011111111111111001100011
11000011011011111111011011000011
11100001111001111110011110000111
11110000110011100111001100001111
11110000011011100111011000001111
11111000001111100111110000011111
11111100000001111110000000111111
11111111000000000000000011111111
11111111110000000000001111111111
11111111111100000000111111111111
11111111111111111111111111111111
*
11111111111111111111111111111111
11111111111101111000111111111111
11111111111010100000011111111111
11111111111010000000001111111111
11111111111010000011000111111111
11111111111010001111100111111111
11111111111010001111110011111111
11111111111010011100110011111111
11111111111010011000110011111111
11111111111100011001110011111111
11111111100110001001110011111111
11111111100110001001100111111111
11111111100000000001000111111111
11111111100000000000001111111111
11111111100100000000011111111111
11111111110100000000001111111111
11111111111111111000001111111111
11111111111111111000001111111111
11111111111111111000001111111111
11111111111111110010001111111111
11111111111111110010001111111111
11111110111111100100011111111111
11111110111111001111111111111111
11111110011100011111111111111111
11111111000001111100011111111111
11111111100011110000001111111111
11111111110001100000000111111111
11111111100000000001100011111111
11111111100010000111110011111111
11111111111110000111111001111111
11111111111110000111111001111111
11111111111110001110011001111111
11111111111110001110011001111111
11111111111110001111111001111111
11111111111110000111111001111111
11111111111111000111110011111111
11111111111111000001100011111111
11111111111111101000000111111111
11111111111111111110011111111111
11111111111111111111111111111111
*
11111111111111111111111111111111
11111111111111000011111111111111
11111111111100000000111111111111
11111111110000111100001111111111
11111111100011111111000111111111
11111111001111111111110011111111
11111110011111111111111001111111
11111100111111111111111100111111
11111100111111111111111100111111
11111001111111111111111110011111
11111001111111111111111110011111
11110011111111111111111111001111
11110011111111111111111111001111
11100111111111111111111111100111
11100111111111111111111111100111
11100111111111111111111001100111
11001111111111111111110000110011
11001111111111111111110000010011
11001111111111111111110000000011
11001111111111111111111000000011
10011100000111111111111000000001
10011000000011111111111100000001
10010000000011111111111100000001
10000000000011111111100110000001
10000000000011111111000000000001
00000000000111111111000000000000
00000000000111111111000000000000
00000000011111111111100000000000
00011111111111111111110000000000
00000011111111111111111000000000
00000001111111111111111110000000
00000001111111111111111111100000
00000001111111111111111110000000
00000011111111111111111000000000
00011111111111111111110000000000
00000000011111111111100000000000
00000000000111111111000000000000
00000000000111111111000000000000
10000000000011111111000000000001
10000000000011111111100110000001
10010000000011111111111100000001
10011000000011111111111100000001
10011100000111111111111000000001
11001111111111111111111000000011
11001111111111111111110000000011
11001111111111111111110000010011
11001111111111111111110000110011
11100111111111111111111001100111
11100111111111111111111111100111
11100111111111111111111111100111
11110011111111111111111111001111
11110011111111111111111111001111
11111001111111111111111110011111
11111001111111111111111110011111
11111100111111111111111100111111
11111100111111111111111100111111
11111110011111111111111001111111
11111111001111111111110011111111
11111111100011111111000111111111
11111111110000111100001111111111
11111111111100000000111111111111
11111111111111000011111111111111
11111111111111111111111111111111
*
11111111111111111111111111111111
11111111111111100111111111111111
11111111111111000011111111111111
11111111111110000001111111111111
11111111111110000001111111111111
11111111111100000000111111111111
11111111111100000000111111111111
11111100011100000000111000111111
11111000001110000001110000011111
11110000001111000011110000001111
11110000011100111100111000001111
11110000010010000001001000001111
11100000000100000000100000000111
11100001001000000000010010000111
11100010001000000000010001000111
11100100001000000000010000100111
11100100000100000000100000100111
11101000000010000001000000010111
11101000000010000001000000010111
11100000000001000010000000000111
11101110000000111100000001110111
11010001100001000010000110001011
11000000011010000001011000000011
11000000000100000000100000000011
11000000000100000000100000000011
11000000000100000000100000000011
11000000000100000000100000000011
11000000011010000001011000000011
11010001100001000010000110001011
11101110000000111100000001110111
11100000000001111110000000000111
11100000000011111111000000000111
11101000000010000001000000010111
11101000000100000000100000010111
11100100001000000000010000100111
11100010001000000000010001000111
11100010010000000000001001000111
11110001110000000000001110001111
11110000011000000000011000001111
11111000000000000000000000011111
11111000000110111101100000011111
11111100000111000011100000111111
11111110000111100111100001111111
11111110001111110111110001111111
11111111001111111111110011111111
11111111111111111111111111111111
*
11111111111111111111111111111111
00000000000000000000000000000111
00000001111111111111111110000011
00000001111111111111000010000001
00000001111111111111000010000000
00000001111111111111000010000000
00000001111111111111000010000000
00000001111111111111000010000000
00000001111111111111111110000000
00000000000000000000000000000000
00000000000000000000000000000000
00000000000000000000000000000000
00000000000000000000000000000000
00000000000000000000000000000000
00000000000000000000000000000000
00000000000000000000000000000000
00000000000000000000000000000000
00000000000000000000000000000000
00000011111111111111111111000000
00000011111111111111111111000000
00000011000000000000000011000000
00000011000000000000000011000000
00000011111111111111111111000000
00000011111111111111111111000000
00000011000000000000000011000000
00000011000000000000000011000000
00000011111111111111111111000000
00000011111111111111111111000000
00000011111111111111111111000000
00110011111111111111111111001100
00110011111111111111111111001100
00000011111111111111111111000000
00000000000000000000000000000000
11111111111111111111111111111111
*
11100111100111100111100111100111
11011111011111011111011111011111
10111110111110111110111110111110
01111101111101111101111101111101
01111101111101111101111101111101
11111011111011111011111011111011
11111011111011111011111011111011
11111011111011111011111011111011
11111011111011111011111011111011
01111101111101111101111101111101
01111101111101111101111101111101
10111110111110111110111110111110
11011111011111011111011111011111
11100111100111100111100111100111
00111000111000111000111000111000
11001111001111001111001111001111
11110111110111110111110111110111
11111011111011111011111011111011
01111101111101111101111101111101
01111101111101111101111101111101
10111110111110111110111110111110
10111110111110111110111110111110
10111110111110111110111110111110
10111110111110111110111110111110
01111101111101111101111101111101
01111101111101111101111101111101
11111011111011111011111011111011
11110111110111110111110111110111
11001111001111001111001111001111
00111000111000111000111000111000
*
01101011011010110110101101101011
10110110101101101011011010110110
11011101110111011101110111011101
11101011111010111110101111101011
11110111111101111111011111110111
11101011111010111110101111101011
11011101110111011101110111011101
11101011111010111110101111101011
11110111111101111111011111110111
11101011111010111110101111101011
11011101110111011101110111011101
01101011011010110110101101101011
10110110101101101011011010110110
11011101110111011101110111011101
11101011111010111110101111101011
11110111111101111111011111110111
11101011111010111110101111101011
11011101110111011101110111011101
11101011111010111110101111101011
11110111111101111111011111110111
11101011111010111110101111101011
11011101110111011101110111011101
*
00011001100001100110000110011000
00110000110011000011001100001100
11100110011110011001111001100111
11001111001100111100110011110011
10011111100001111110000111111001
00111111110011111111001111111100
01111111100111111111100111111110
11111111001111111111110011111111
11111110011111111111111001111111
11111100111111111111111100111111
11111001111111111111111110011111
11111001111111111111111110011111
11111100111111111111111100111111
11111110011111111111111001111111
11111111001111111111110011111111
01111111100111111111100111111110
00111111110011111111001111111100
10011111100001111110000111111001
11001111001100111100110011110011
11100110011110011001111001100111
00110000110011000011001100001100
00011001100001100110000110011000
11001111001100111100110011110011
11100110011110011001111001100111
11110000111111000011111100001111
11111001111111100111111110011111
11110011111111000011111111001111
11100111111110011001111111100111
11001111111100111100111111110011
10011111111001111110011111111001
00111111110011111111001111111100
00111111110011111111001111111100
10011111111001111110011111111001
11001111111100111100111111110011
11100111111110011001111111100111
11110011111111000011111111001111
11111001111111100111111110011111
11110000111111000011111100001111
11100110011110011001111001100111
11001111001100111100110011110011
*
00110011001100110011001100110011
00110011001100110011001100110011
10011001100110011001100110011001
10011001100110011001100110011001
11001100110011001100110011001100
11001100110011001100110011001100
01100110011001100110011001100110
01100110011001100110011001100110
*
11111111111111111111111111111111
11111111111111111111110011111111
11111111111111111111101011111111
11111111111111111111011011111111
11111111111111111110110111111111
11111111111110000001110111111111
11111111111000000011101111111111
11111111100000000111100111111111
11111111000000001111100011111111
11111110000000011111000001111111
11111110000000111111000001111111
11111100000001111110000000111111
11111100000011111110000000111111
11111000000111111110000000011111
11111000000000111100000000011111
11111000000000011100000000011111
11111000000000111000000000011111
11111000000000111100000000011111
11111000000001111111100000011111
11111100000001111111000000111111
11111100000001111110000000111111
11111110000011111100000001111111
11111110000011111000000001111111
11111111000111110000000011111111
11111111100111100000000111111111
11111111110111000000011111111111
11111111101110000001111111111111
11111111101101111111111111111111
11111111011011111111111111111111
11111111010111111111111111111111
11111111001111111111111111111111
11111111111111111111111111111111
*
11111111111100000000111111111111
11111111100000000000000111111111
11111111000000000000000011111111
11111100000001111110000000111111
11111000001111100111110000011111
11110000111111100111111100001111
11100001111011000011011110000111
11100011100111000011100111000111
11000111000111000011100011100011
10000110001110000001110001100001
10001100001110000001110000110001
10001100001110000001110000110001
00011100000100000000100000111000
00011100000000000000000000111000
00011110000000000000000001111000
00011110010000000000001001111000
00011110111110000001111101111000
00011111111111000011111111111000
00001111111111100111111111110000
10001111111111100111111111110001
10001111111111100111111111110001
10000111111111100111111111100001
11000111111111000011111111100011
11100011111111000011111111000111
11100001111111000011111110000111
11110000111111000011111100001111
11111000001111000011110000011111
11111100000001111110000000111111
11111111000000000000000011111111
11111111100000000000000111111111
11111111111100000000111111111111
11111111111111111111111111111111
*
11111000000000000000000000011111
11110000000000000000000000001111
11100110000000000000000010000111
11001100000011111100000000000011
11011000000011111111000000001011
10011000000111111111100000001001
00110000000011111111110000001100
00110000000000011111111111111100
10010000000000000000000111111001
11000000000000000000000001110011
11100000000000000000000000000111
11110000000011111111110000001111
11111000111111111111111000011111
11111100111100011111111000111111
11111110010000011111110001111111
11111111000000001110000011111111
11111111100000000000000111111111
11111111110000000000001111111111
11111111111000000000011111111111
11111111111100111100111111111111
11111111111110011001111111111111
11111111111111000011111111111111
11111111111111100111111111111111
11111111111111111111111111111111
*
11111111111111111111111111111111
11111111111111111100000011111111
11111111111111111100000011111111
11111111111111111000000011111111
11111111111111111000000011111111
11111111111110000000000011111111
11111111111000000000000011111111
11111111100001100000000011111111
11111111000111100000000001111111
11111110011111000000000000111111
11111100111111000000000010011111
11111001111110000000000011001111
11111001111110000000000011001111
11110011111100000000000011100111
11110011111100000000000011100111
11100111111000000100000011110011
11100111111000000100000011110011
11100111110000001100000011110011
11100111110000000000000011110011
11100111100000000000000011110011
11100111100000000000000011110011
11100111000000000000000011110011
11110011000000000000000011100111
11110010000001111100000011100111
11111000000001111100000011001111
11111000000011111100000011001111
11111100000011111111111110011111
11111000000111111111111100111111
11111000000111111111110001111111
11110000000001111111000011111111
11110000001000000000001111111111
11100000011110000000111111111111
11100000011111111111111111111111
11111111111111111111111111111111
*
11111111111111111111111111111111
11111111111111111110000001111111
11111111111111110000000000011111
11111111111110001111000000001111
11111110000001111111111100000111
11111000000011111111111111000011
11110000001111111111111111100001
11100011100000000001111111100001
11101111000000011000111111100000
11111110000011111001111111100000
11111100000011110001111111000000
11111000000111111111111111000000
11111000000111111111111110000000
11110000000111111111111100000000
11100000001111111111111000000001
11100000001111111111100000000001
11000000011111111111100000000011
11000000011111111111110000000011
10000000011111001111110000000111
10000000111111000111110000000111
00000000111110000111111000001111
00000000111110000011111000011111
00000001111110000001111000011111
00000001111100000000111100111111
00000011111100000000011101111111
00000011111000000000001101111111
10000011111000000000000001111111
10000111100000000000001001111111
11000110000000000000111100111111
11100000000000000001111110111111
11110000000000000111111111111111
11111000000000011111111111111111
11111110000001111111111111111111
11111111111111111111111111111111
*
11111111111111111111111111111111
11111111111100000000111111111111
11111111100000000000000111111111
11111111000011111111000011111111
11111100001111111111110000111111
11111000111110000001111100011111
11110001110000000000001110001111
11100011100001101110000111000111
11100111000111100111100011100111
11001110011111100111111001110011
10001100111111100111111100110001
10011000111111000011111100011001
10011001111111000011111110011001
00111001111110000001111110011100
00110010000000000000000001001100
00110011100000000000000111001100
00110011110000000000001111001100
00110011111000000000011111001100
00110011111100000000111111001100
00110011111100000000111111001100
00111001111000000000011110011100
10011001111000000000011110011001
10011000111000111100011100011001
10001100110001111110001100110001
11001110010111111111101001110011
11100111000111111111100011100111
11100011100001111110000111000111
11110001110000000000001110001111
11111000111110000001111100011111
11111100001111111111110000111111
11111111000011111111000011111111
11111111100000000000000111111111
11111111111100000000111111111111
11111111111111111111111111111111
*
11111111111111111111111111111111
11000000000000000000000000000011
11000000000000000000000000000011
11000000000000000000000000000011
11000000000000000000000000000011
11000000000000000000000000000011
11111111100000000000000111111111
11111110000000000000000001111111
11111100000000000000000000111111
11111100000001111110000000111111
11111000000111111111100000011111
11110000001111111111110000001111
11110000011111111111111000001111
11110000011111111111111000001111
11100000111111111111111100000111
11100000111111111111111100000111
11100000111111111111111100000111
11100000111111111111111100000111
11100000111111111111111100000111
11100000111111111111111100000111
11110000011111111111111000001111
11110000011111111111111000001111
11110000001111111111110000001111
11111000000111111111100000011111
11111100000001111110000000111111
11111100000000000000000000111111
11111110000000000000000001111111
11111111100000000000000111111111
11000000000000000000000000000011
11000000000000000000000000000011
11000000000000000000000000000011
11000000000000000000000000000011
11000000000000000000000000000011
11111111111111111111111111111111
*
11111111111111111111111111111111
11111111111100000000111111111111
11111111100000000000000111111111
11111111000000000000000011111111
11111100000001111110000000111111
11111000001111111111110000011111
11110000111111111111111100001111
11100001111111110000011110000111
11100011111111100000011111000111
11000111111111000000011111100011
10000111111110000000011111100001
10001111111100000000011111110001
10001111111000000000011111110001
00001111110000000000011111110000
00011111100000010000011111111000
00011111000000110000011111111000
00011110000001110000011111111000
00011100000000000000000001111000
00011100000000000000000001111000
00011100000000000000000001111000
00001100000000000000000001110000
10001100000000000000000001110001
10001111111111110000011111110001
10000111111111110000011111100001
11000111111111110000011111100011
11100011111111110000011111000111
11100001111111110000011110000111
11110000111111111111111100001111
11111000001111111111110000011111
11111100000001111110000000111111
11111111000000000000000011111111
11111111100000000000000111111111
11111111111100000000111111111111
11111111111111111111111111111111
*
11111111111111111111111111111111
11111111111100000000111111111111
11111111100000000000000111111111
11111111000000000000000011111111
11111100000001111110000000111111
11111000001111111111110000011111
11110000111111111111111100001111
11100001111111111111111110000111
11100011111111111111111111000111
11000111111111111111111111100011
10000111111111111111111111100001
10000000000000000000000000000001
10000000000000000000000000000001
00000000000000000000000000000000
00000000000000000000000000000000
00000000000000000000000000000000
00000000000000000000000000000000
00000000000000000000000000000000
00000000000000000000000000000000
00011111111100000000111111111000
00001111111100000000111111110000
10001111111100000000111111110001
10001111111100000000111111110001
10000111111100000000111111100001
11000111111100000000111111100011
11100011111100000000111111000111
11100001111100000000111110000111
11110000111100000000111100001111
11111000001100000000110000011111
11111100000000000000000000111111
11111111000000000000000011111111
11111111100000000000000111111111
11111111111100000000111111111111
11111111111111111111111111111111
*
11111111111111111111111111111111
11111111111100000000111111111111
11111111100000000000000111111111
11111111000000000000000011111111
11111100000000000000000000111111
11111000000001111110000000011111
11110000001111111111110000001111
11100000001111111111110000000111
11100000000111111111100000000111
11000000000011111111000000000011
10000000000001111110000000000001
10000110000000111100000001100001
10000111000000011000000011100001
00000111100000000000000111100000
00001111110000000000001111110000
00001111111000000000011111110000
00001111111100000000111111110000
00001111111100000000111111110000
00001111111000000000011111110000
00001111110000000000001111110000
00000111100000000000000111100000
10000111000000011000000011100001
10000110000000111100000001100001
10000000000001111110000000000001
11000000000011111111000000000011
11100000000111111111100000000111
11100000001111111111110000000111
11110000001111111111110000001111
11111000000001111110000000011111
11111100000000000000000000111111
11111111000000000000000011111111
11111111100000000000000111111111
11111111111100000000111111111111
11111111111111111111111111111111
*
11111111111111111111111111111111
11111111111110000001111111111111
11111111111001111000011111111111
11111111110001111000001111111111
11111111100011111100000111111111
11111111100110000110000111111111
11111111011100000011111011111111
11111111011100000011001011111111
11111111001100000010000011111111
11111111000110000110000011111111
11111111000111111111001011111111
11111111001100000000111011111111
11111111100011011011000111111111
11111111110111011011101111111111
11111111110111111111101111111111
11111111111011111111011111111111
11111111111100000000111111111111
11111111111111111111111111111111
*
11111011111011111011111011111011
11111101110111111101110111111101
11111000000011111000000011111000
01110010001001110010001001110010
00100000000000100000000000100000
10101000000010101000000010101000
10101011111010101011111010101011
11111100100111111100100111111100
11111111111111111111111111111111
11011111011111011111011111011111
10111111101110111111101110111111
00011111000000011111000000011111
01001110010001001110010001001110
00000100000000000100000000000100
00010101000000010101000000010101
11010101011111010101011111010101
00111111100100111111100100111111
11111111111111111111111111111111
11111011111011111011111011111011
01110111111101110111111101110111
00000011111000000011111000000011
10001001110010001001110010001001
00000000100000000000100000000000
00000010101000000010101000000010
11111010101011111010101011111010
00100111111100100111111100100111
11111111111111111111111111111111
11011111011111011111011111011111
11101110111111101110111111101110
11000000011111000000011111000000
10010001001110010001001110010001
00000000000100000000000100000000
01000000010101000000010101000000
01011111010101011111010101011111
11100100111111100100111111100100
11111111111111111111111111111111
*
11111111111111111111111111111111
11111111111100000000111111111111
11111111100011111110000111111111
11111111011111111111000011111111
11111100111111111111100000111111
11111011111111111111110000011111
11110111111111100111111000001111
11101111111111000011111000000111
11101111111111000011111000000111
11011111111111100111111000000011
10111111111111111111111000000001
10111111111111111111111000000001
10111111111111111111110000000001
01111111111111111111100000000000
01111111111111111111000000000000
01111111111111111110000000000000
01111111111111100000000000000000
01111111111100000000000000000000
01111111111000000000000000000000
01111111100000000000000000000000
01111111100000000000000000000000
10111111000000000000000000000001
10111110000000000000000000000001
10111110000000000000000000000001
11011110000000011000000000000011
11101110000000111100000000000111
11101110000000111100000000000111
11110110000000011000000000001111
11111011000000000000000000011111
11111100100000000000000000111111
11111111000000000000000011111111
11111111100000000000000111111111
11111111111100000000111111111111
11111111111111111111111111111111
*
11111111111111111111111111111111
11111111111100000000111111111111
11111111100011111111000111111111
11111111011111111111111011111111
11111100111111111111111100111111
11111011111111111111111111011111
11110111111111111111111111101111
11101111111111111111111111110111
11101111111111111111111111110111
11011111111111111111111111111011
10111111111111111111111111111101
10111111111111111111111111111101
10111111111111111111111111111101
01111111111111100111111111111110
01111111111111100111111111111110
01111111111111011011111111111110
01111111111111011011111111111110
01111111111110111101111111111110
01111111111110111101111111111110
01111111111110111101111111111110
01111111111101111110111111111110
10111111111101111110111111111101
10111111111011111111011111111101
10111111111011111111011111111101
11011111110111111111101111111011
11101111110111111111101111110111
11101111110111111111101111110111
11110111101111111111110111101111
11111011101111111111110111011111
11111101011111111111111010111111
11111110011111111111111001111111
11111111111111111111111111111111
*
11111111111111111111111111111111
11111111111111111111111111111111
11111111111111111111111111111111
11111111111111111111111111111111
11111111111111000011111111111111
11111111111100000000111111111111
11111111111000000000011111111111
11111111111000000000011111111111
11111111110000000000001111111111
11111111110000000000001111111111
11111111110000000000001111111111
11111111110000000000001111111111
11111111111000000000011111111111
11111111111000000000011111111111
11111111111100000000111111111111
11111111111111000011111111111111
11111111111111111111111111111111
11111111111111111111111111111111
11111111111111111111111111111111
11111111111111111111111111111111
*
11111111111111111111111111111111
11111111111111111111111111111111
11111111111111111111111111111111
11111111111111111111111111111111
11111111111100000000000000011111
11111111110000000000000000111111
11111111100000000000000001111111
11111111000000000000000000111111
11111110000000000000000000011111
11111100001111000000000000011111
11111100011111100000000001111111
11111000011100100000000000111111
11111000011000100000000000011111
11111000001111000000000000011111
11111000000000000000000000011111
11111000000000000000000000011111
11111000001111000000000000111111
11111100011111100000000001111111
11111100011100100000000000011111
11111110011000100000000000011111
11111111001111000000000000111111
11111111100000000000000001111111
11111111110000000000000000111111
11111111111100000000000000011111
11111111111111111111111111111111
11111111111111111111111111111111
11111111111111111111111111111111
11111111111111111111111111111111
*
11111111111111111111111111111111
11111111111111100111111111111111
11111111111111000011111111111111
11111111111111000011111111111111
11111111111110000001111111111111
11111111111110000001111111111111
11111111111100000000111111111111
11111111111100000000111111111111
11111111111000000000011111111111
11111111111000000000011111111111
11111111110000000000001111111111
11111111110000000000001111111111
11111111100000000000000111111111
11111111100000000000000111111111
11111111000000000000000011111111
11111111000000000000000011111111
11111110011111111111111001111111
11111110001111111111110001111111
11111100001111111111110000111111
11111100000111111111100000111111
11111000000111111111100000011111
11111000000011111111000000011111
11110000000011111111000000001111
11110000000001111110000000001111
11100000000001111110000000000111
11100000000000111100000000000111
11000000000000111100000000000011
11000000000000011000000000000011
10000000000000011000000000000001
10000000000000000000000000000001
00000000000000000000000000000000
11111111111111111111111111111111
*
11111111111111111111111111111111
11000000001111000011110000000011
10000000000110000001100000000001
00000000000000000000000000000000
00000000000110000001100000000000
00000000000111000011100000000000
00000000000111100111100000000000
00000000001111100111110000000000
00000000011110000001111000000000
00000000111000000000011100000000
00000001110000000000001110000000
10000011100000000000000111000001
11011111000011000011000011111011
11011111000111100111100011111011
10001110000111111111100001110001
00000110000111111111100001100000
00000000000111111111100000000000
00000000000111111111100000000000
00000110000011111111000001100000
10001110000011111111000001110001
11011111000001111110000011111011
11011111000000111100000011111011
10000011100000011000000111000001
00000001110000000000001110000000
00000000111000000000011100000000
00000000011110000001111000000000
00000000001111100111110000000000
00000000000111100111100000000000
00000000000111000011100000000000
00000000000110000001100000000000
00000000000000000000000000000000
10000000000110000001100000000001
11000000001111000011110000000011
11111111111111111111111111111111
*
11111111111111111111111111111111
11111111111100000100111111111111
11111111110000000100001111111111
11111111100000000010000011111111
11111100011000000010000000111111
11111000000110000001000000011111
11110000000001100001000000001111
11100000000000011000100000001111
11000000000001111110100000001011
11000000000111111111110000010011
11000000011111111111110000010011
10000001111111111111111000100001
10000110011111111111111000100001
10011000111111111111111101000001
11100000111111111111111101000001
10000001111111111111111110000001
10000001111111111111111110000001
10000010111111111111111100000111
10000010111111111111111100011001
10000100011111111111111001100001
10000100011111111111111110000001
11001000001111111111111000000011
11001000001111111111100000000011
11010000000101111110000000000011
11110000000100011000000000000111
11110000000010000110000000001111
11111000000010000001100000011111
11111100000001000000011000111111
11111111000001000000000111111111
11111111110000100000001111111111
11111111111100100000111111111111
11111111111111111111111111111111
*
11111111111111111111111111111111
11111111111100000000111111111111
11111111100000000000000111111111
11111111000011111111000011111111
11111100001111111111110000111111
11111000111111111111111100011111
11110000111111111111111100001111
11100000011110000001111000000111
11100000000000000000000000000111
11001100000000010000000000110011
10001110000000011000000001110001
10011110000000011000000001111001
10011110000000011100000001111001
00111110000000111100000001111100
00111100111111111111111100111100
00111100011111000011111000111100
00111100001111000011110000111100
00111100000111100111100000111100
00111100000010000001000000111100
00111100000010000001000000111100
00111110000011111111000001111100
10011110000111100111100001111001
10011110000111000011100001111001
10001110000100000000100001110001
11001100000000000000000000110011
11100000000000000000000000000111
11100000011110000001111000000111
11110000111111111111111100001111
11111000111111111111111100011111
11111100001111111111110000111111
11111111000011111111000011111111
11111111100000000000000111111111
11111111111100000000111111111111
11111111111111111111111111111111
*
11111111111111111111111111111111
11111111111100000000111111111111
11111111100000000000000111111111
11111111000000000000000011111111
11111100000000000000000000111111
11111000000000000000000000011111
11110000000000000000000000001111
11100000000000000000000000000111
11100000000000000000000000000111
11000000000000000000000000000011
10000000000000000000000000000001
10000000000000000000000000000001
10000000000000000000000000000001
00000000000000000000000000000000
00000000000000000000000000000000
00000000000000000000000000000000
00000000000000000000000000000000
00000000000000000000000000000000
01000000000000111100000000000010
01111000000001111110000000011110
01111111000001111110000011111110
10111111111101111110111111111101
10111111111110111101111111111101
10111111111111000011111111111101
11011111111111111111111111111011
11101111111111111111111111110111
11101111111111111111111111110111
11110111111111111111111111101111
11111011111111111111111111011111
11111100111111111111111100111111
11111111011111111111111011111111
11111111100011111111000111111111
11111111111100000000111111111111
11111111111111111111111111111111
*
11111111111111111111111111111111
00000000000000000000000000000000
00000000000000000000000000000000
00000000000000000000000000000000
00011111111111111111111111111000
00011111111111111111111111111000
00011111111111111111111111111000
00011111111111111111111111111000
00011111111111111111111111111000
00000000001111111111111111111000
00000000000011111111111111111000
00000000000000111111111111111000
00011111110000001111111111111000
00011111111100000011111111111000
00011111111111000000111111111000
00011111111111110000001111111000
00011111111111111100000011111000
00011111111111111111000000111000
00011111001111111111110000001000
00011111000011111111111100000000
00011111000000111111111111000000
00011111000000001111111111110000
00011111000000000011111111111000
00011111000000000000111111111000
00011111000000000000001111111000
00011111000000000000000011111000
00011111000000000000000000111000
00011111000000000000000000001000
00011111000000000000000000000000
00011111000000000000000000000000
00000000000000000000000000000000
00000000000000000000000000000000
00000000000000000000000000000000
00011111111111111111111111111000
00011111111111111111111111111000
00011111111111111111111111111000
00011111111111111111111111111000
00011111111111111111111111111000
00000000000000000111111111111000
00000000000000011111111111100000
00000000000001111111111110000000
00000000000111111111111000000000
00000000011111111111100000000000
00000001111111111110000000000000
00000111111111111000000000000000
00011111111111111111111111111000
00011111111111111111111111111000
00011111111111111111111111111000
00011111111111111111111111111000
00011111111111111111111111111000
00000000000000000000000000000000
00000000000000000000000000000000
00000000000000000000000000000000
11111111111111111111111111111111
*
11111111001100110011001111111111
11111111001100110011001111111111
11111111001100110011001111111111
11111111001100110011001111111111
11111110011001100110011111111111
11111110011001100110011111111111
11111110011001100110011111111111
11111110011001100110011111111111
11111111001100110011001111111111
11111111001100000011001111111111
11111111001100100011001111111111
11111111001100110011001111111111
11111110011000011000011111111111
11111110011001001100011000111111
11111110011001100100010110111111
11111110000000000000000110111111
11111110111111111111110100111111
11111101110000000000111001111111
11111101000111111110011011111111
11111101011111011111001000111111
11111101011011111111101010111111
11111101011111111011101010111111
11111101011111111111101001111111
11111101011110111110101011111111
11111101011111111111101011111111
11111101010111110000001011111111
11111101011100001111101011111111
11111101011011111111110011111111
11111101011011111111111001111111
11111101011101111101111010111111
11111101011010111001001010111111
11111101001111011111101000111111
11111101100111011111101011111111
11111101110000011111001001111111
11111110111111011101101010111111
11111111000000111111101010111111
11111111111101111101001001111111
11111111111011111001111011111111
11111111111011111111110111111111
11111111111100001111101111111111
11111111111111110000011111111111
11111111111111111111111111111111
*
11111111001100110011001111111111
11111111001100110011001111111111
11111111001100110011001111111111
11111111001100110011001111111111
11111110011001100110011111111111
11111110011001100110011111111111
11111110011001100110011111111111
11111110011001100110011111111111
*
00000001110000000111000000011100
10000000111000000011100000001110
11000000011100000001110000000111
11100000001110000000111000000011
01110000000111000000011100000001
00111000000011100000001110000000
00011100000001110000000111000000
00001110000000111000000011100000
00000111000000011100000001110000
00000011100000001110000000111000
00000001110000000111000000011100
10000000111000000011100000001110
11000000011100000001110000000111
11100000001110000000111000000011
01110000000111000000011100000001
00111000000011100000001110000000
00011100000001110000000111000000
00001110000000111000000011100000
00000111000000011100000001110000
00000011100000001110000000111000
*
11100000001111111111100000001111
11111001100111111111001100111111
11110011110011111110011110011111
11100101101001111100101101001111
11101110011101111101110011101111
11101110011101111101110011101111
11100101101001111100101101001111
11110011110011111110011110011111
11111001100111111111001100111111
11111100000001111100000001111111
11111111001100111001100111111111
11111110011110010011110011111111
11111100101101000101101001111111
11111101110011101110011101111111
11111101110011101110011101111111
11111100101101000101101001111111
11111110011110010011110011111111
11111111001100111001100111111111
11111100000001111100000001111111
11111001100111111111001100111111
11110011110011111110011110011111
11100101101001111100101101001111
11101110011101111101110011101111
11101110011101111101110011101111
11100101101001111100101101001111
11110011110011111110011110011111
11111001100111111111001100111111
11100000001111111111100000001111
11001100111111111111111001100111
10011110011111111111110011110011
00101101001111111111100101101001
01110011101111111111101110011101
01110011101111111111101110011101
00101101001111111111100101101001
10011110011111111111110011110011
11001100111111111111111001100111
*
01111111001111011110111100111111
11110111101111001111111000011111
11110011111110000111110000001110
11100001111100000011100000000000
11000000111000000000000000000111
10000000000000000001110000001111
00000000011100000011111000011111
11000000111110000111111100111101
11100001111111001111011110111100
11110011110111101111001111111000
01111011110011111110000111110000
00111111100001111100000011100000
00011111000000111000000000000000
00001110000000000000000001110000
00000000000000011100000011111000
00000111000000111110000111111100
00001111100001111111001111011110
00011111110011110111101111001111
00111101111011110011111110000111
10111100111111100001111100000011
11111000011111000000111000000000
11110000001110000000000000000001
11100000000000000000011100000011
00000000000111000000111110000111
01110000001111100001111111001111
11111000011111110011110111101111
11111100111101111011110011111110
11011110111100111111100001111100
11001111111000011111000000111000
10000111110000001110000000000000
00000011100000000000000000011100
00000000000000000111000000111110
00000001110000001111100001111111
00000011111000011111110011110111
10000111111100111101111011110011
11001111011110111100111111100001
11101111001111111000011111000000
11111110000111110000001110000000
01111100000011100000000000000000
00111000000000000000000111000000
00000000000001110000001111100001
00011100000011111000011111110011
00111110000111111100111111111011
*
10111001001110111001001110111001
01110010011101110010011101110011
00000011111100000011111100000011
10000011111110000011111110000011
11000001111111000001111111000001
11000000111111000000111111000000
01001110111001001110111001001110
10011101110010011101110010011101
11111100000011111100000011111100
11111110000011111110000011111110
01111111000001111111000001111111
00111111000000111111000000111111
10111001001110111001001110111001
01110010011101110010011101110011
00000011111100000011111100000011
10000011111110000011111110000011
11000001111111000001111111000001
11000000111111000000111111000000
01001110111001001110111001001110
10011101110010011101110010011101
11111100000011111100000011111100
11111110000011111110000011111110
01111111000001111111000001111111
00111111000000111111000000111111
10111001001110111001001110111001
01110010011101110010011101110011
00000011111100000011111100000011
10000011111110000011111110000011
11000001111111000001111111000001
11000000111111000000111111000000
01001110111001001110111001001110
10011101110010011101110010011101
11111100000011111100000011111100
11111110000011111110000011111110
01111111000001111111000001111111
00111111000000111111000000111111
*
11011000111111000110110110001111
11110001101101100011111100011011
11100001001100100001111000010011
11001000011110000100110010000111
11011000111111000110110110001111
11110001101101100011111100011011
11100001001100100001111000010011
11001000011110000100110010000111
11011000111111000110110110001111
11110001101101100011111100011011
11100001001100100001111000010011
11001000011110000100110010000111
11011000111111000110110110001111
11110001101101100011111100011011
11100001001100100001111000010011
11001000011110000100110010000111
11011000111111000110110110001111
11110001101101100011111100011011
11100001001100100001111000010011
11001000011110000100110010000111
*
11101000000101111110100000010111
11001100001100111100110000110011
10001110011100011000111001110001
00001111111100000000111111110000
00001111111100000000111111110000
00001111111100000000111111110000
00001111111100000000111111110000
00001111111100000000111111110000
00010111111010000001011111101000
00110011110011000011001111001100
01110001100011100111000110001110
11110000000011111111000000001111
11110000000011111111000000001111
11110000000011111111000000001111
11110000000011111111000000001111
11110000000011111111000000001111
11101000000101111110100000010111
11001100001100111100110000110011
10001110011100011000111001110001
00001111111100000000111111110000
00001111111100000000111111110000
00001111111100000000111111110000
00001111111100000000111111110000
00001111111100000000111111110000
00010111111010000001011111101000
00110011110011000011001111001100
01110001100011100111000110001110
11110000000011111111000000001111
11110000000011111111000000001111
11110000000011111111000000001111
11110000000011111111000000001111
11110000000011111111000000001111
*
11001111111001111111001111111001
10011111110011111110011111110011
00111111100111111100111111100111
00010011100010011100010011100010
00000111000000111000000111000000
00001110000001110000001110000001
00011100000011100000011100000011
11011111011011111011011111011011
10011111110011111110011111110011
00111111100111111100111111100111
01111111001111111001111111001111
00100111000100111000100111000100
00001110000001110000001110000001
00011100000011100000011100000011
00111000000111000000111000000111
10111110110111110110111110110111
00111111100111111100111111100111
01111111001111111001111111001111
11111110011111110011111110011111
01001110001001110001001110001001
00011100000011100000011100000011
00111000000111000000111000000111
01110000001110000001110000001110
01111101101111101101111101101111
01111111001111111001111111001111
11111110011111110011111110011111
11111100111111100111111100111111
10011100010011100010011100010011
00111000000111000000111000000111
01110000001110000001110000001110
11100000011100000011100000011100
11111011011111011011111011011111
11111110011111110011111110011111
11111100111111100111111100111111
11111001111111001111111001111111
00111000100111000100111000100111
01110000001110000001110000001110
11100000011100000011100000011100
11000000111000000111000000111000
11110110111110110111110110111110
11111100111111100111111100111111
11111001111111001111111001111111
11110011111110011111110011111110
01110001001110001001110001001110
11100000011100000011100000011100
11000000111000000111000000111000
10000001110000001110000001110000
11101101111101101111101101111101
11111001111111001111111001111111
11110011111110011111110011111110
11100111111100111111100111111100
11100010011100010011100010011100
11000000111000000111000000111000
10000001110000001110000001110000
00000011100000011100000011100000
11011011111011011111011011111011
11110011111110011111110011111110
11100111111100111111100111111100
11001111111001111111001111111001
11000100111000100111000100111000
10000001110000001110000001110000
00000011100000011100000011100000
00000111000000111000000111000000
10110111110110111110110111110110
11100111111100111111100111111100
11001111111001111111001111111001
10011111110011111110011111110011
10001001110001001110001001110001
00000011100000011100000011100000
00000111000000111000000111000000
00001110000001110000001110000001
01101111101101111101101111101101
*
11111111111111100111111111111111
11111111111111000011111111111111
11111111111111000011111111111111
11111111111110000001111111111111
11111111111110000001111111111111
11111111111100000000111111111111
11111111111100000000111111111111
11111111111000000000011111111111
11001111111000000000011111110011
10000011111000000000011111000001
00000000111000000000011100000000
00000000001100000000110000000000
10000000000100000000100000000001
10000000000110000001100000000001
11000000000010000001000000000011
11000000000011000011000000000011
11100000000001000010000000000111
11100000000001100110000000000111
11110000000000111100000000001111
00011100000000111100000000111000
00000111000001100110000011100000
00000001110011000011001110000000
00000000011110000001111000000000
00000000001100000000110000000000
00000000001100000000110000000000
00000000011110000001111000000000
00000001110011000011001110000000
00000111000001100110000011100000
00011100000000111100000000111000
11110000000000111100000000001111
11100000000001100110000000000111
11100000000001000010000000000111
11000000000011000011000000000011
11000000000010000001000000000011
10000000000110000001100000000001
10000000000100000000100000000001
00000000001100000000110000000000
00000000111000000000011100000000
10000011111000000000011111000001
11001111111000000000011111110011
11111111111000000000011111111111
11111111111100000000111111111111
11111111111100000000111111111111
11111111111110000001111111111111
11111111111110000001111111111111
11111111111111000011111111111111
11111111111111000011111111111111
11111111111111100111111111111111
*
00000000000000000000000000000000
11111110111111101111111011111110
10000010100000101000001010000010
10111010101110101011101010111010
10101010101010101010101010101010
10111010101110101011101010111010
10000010100000101000001010000010
11111110111111101111111011111110
00000000000000000000000000000000
00000000000000000000000000000000
01111111011111110111111101111111
01000001010000010100000101000001
01011101010111010101110101011101
01010101010101010101010101010101
01011101010111010101110101011101
01000001010000010100000101000001
01111111011111110111111101111111
00000000000000000000000000000000
*
00011000011000011000011000011000
11011011011011011011011011011011
11011011011011011011011011011011
00011000011000011000011000011000
11000011000011000011000011000011
11011011011011011011011011011011
11011011011011011011011011011011
11000011000011000011000011000011
00011000011000011000011000011000
11011011011011011011011011011011
11011011011011011011011011011011
00011000011000011000011000011000
11000011000011000011000011000011
11011011011011011011011011011011
11011011011011011011011011011011
11000011000011000011000011000011
00011000011000011000011000011000
11011011011011011011011011011011
11011011011011011011011011011011
00011000011000011000011000011000
11000011000011000011000011000011
11011011011011011011011011011011
11011011011011011011011011011011
11000011000011000011000011000011
*
11100111111001111110011111100111
11000011110000111100001111000011
10011001100110011001100110011001
00111100001111000011110000111100
00111100001111000011110000111100
10011001100110011001100110011001
11000011110000111100001111000011
11100111111001111110011111100111
11111110011111100111111001111111
11111100001111000011110000111111
11111001100110011001100110011111
11110011110000111100001111001111
11110011110000111100001111001111
11111001100110011001100110011111
11111100001111000011110000111111
11111110011111100111111001111111
11100111111001111110011111100111
11000011110000111100001111000011
10011001100110011001100110011001
00111100001111000011110000111100
00111100001111000011110000111100
10011001100110011001100110011001
11000011110000111100001111000011
11100111111001111110011111100111
11111110011111100111111001111111
11111100001111000011110000111111
11111001100110011001100110011111
11110011110000111100001111001111
11110011110000111100001111001111
11111001100110011001100110011111
11111100001111000011110000111111
11111110011111100111111001111111
*
01101011100111011100000111000000
01110111000000110000001110111001
00001100000011101110011101011011
00111011100111010110111010101011
01110101101110101010111011010111
11101010101110110101110011101110
11101101011100111011100000011000
11001110111000000110000001110111
10000001100000011101110011101011
00000111011100111010110111010101
11001110101101110101010111011010
11011101010101110110101110011101
01011101101011100111011100000011
10111001110111000000110000001110
01110000001100000011101110011101
11000000111011100111010110111010
10111001110101101110101010111011
01011011101010101110110101110011
10101011101101011100111011100000
11010111001110111000000110000001
11101110000001100000011101110011
00011000000111011100111010110111
01110111001110101101110101010111
11101011011101010101110110101110
11010101011101101011100111011100
11011010111001110111000000110000
10011101110000001100000011101110
00000011000000111011100111010110
00001110111001110101101110101010
10011101011011101010101110110101
10111010101011101101011100111011
10111011010111001110111000000110
01110011101110000001100000011101
11100000011000000111011100111010
10000001110111001110101101110101
01110011101011011101010101110110
10110111010101011101101011100111
01010111011010111001110111000000
10101110011101110000001100000011
11011100000011000000111011100111
00110000001110111001110101101110
11101110011101011011101010101110
11010110111010101011101101011100
10101010111011010111001110111000
10110101110011101110000001100000
00111011100000011000000111011100
00000110000001110111001110101101
00011101110011101011011101010101
00111010110111010101011101101011
01110101010111011010111001110111
01110110101110011101110000001100
11100111011100000011000000111011
11000000110000001110111001110101
00000011101110011101011011101010
11100111010110111010101011101101
01101110101010111011010111001110
10101110110101110011101110000001
01011100111011100000011000000111
10111000000110000001110111001110
01100000011101110011101011011101
11011100111010110111010101011101
10101101110101010111011010111001
01010101110110101110011101110000
*
11111111111111100111111111111111
11111111111111000011111111111111
11111111111110000001111111111111
11111111111110000001111111111111
11111111111100000000111111111111
11111111111000000000011111111111
11111111110000000000001111111111
11111111100000000000000111111111
11111111100000000000000111111111
11111111000000000000000011111111
11111110000000000000000001111111
11111100000000000000000000111111
11111100000000000000000000111111
11111000000000000000000000011111
11110000000000000000000000001111
11110000000000000000000000001111
11100000000000000000000000000111
11000000000000000000000000000011
11000000000000000000000000000011
10000000000000000000000000000001
10000000000000000000000000000001
10000000000000000000000000000001
00000000000000000000000000000000
00000000000000000000000000000000
00000000000000000000000000000000
00000000000000000000000000000000
00000000000000000000000000000000
00000000000000000000000000000000
10000000000000000000000000000001
10000000000000000000000000000001
10000000000000000000000000000001
11000000000000000000000000000011
11000000000000000000000000000011
11100000000000000000000000000111
11110000000000000000000000001111
11110000000000000000000000001111
11111000000000000000000000011111
11111100000000000000000000111111
11111100000000000000000000111111
11111110000000000000000001111111
11111111000000000000000011111111
11111111100000000000000111111111
11111111100000000000000111111111
11111111110000000000001111111111
11111111111000000000011111111111
11111111111100000000111111111111
11111111111110000001111111111111
11111111111110000001111111111111
11111111111111000011111111111111
11111111111111100111111111111111
*
11011111101111110111111011111101
00100000010000001000000100000010
00100110010011001001100100110010
10101001010100101010010101001010
10101001010100101010010101001010
00100110010011001001100100110010
00100000010000001000000100000010
11011111101111110111111011111101
00100000010000001000000100000010
00100110010011001001100100110010
10101001010100101010010101001010
10101001010100101010010101001010
00100110010011001001100100110010
00100000010000001000000100000010
11011111101111110111111011111101
00100000010000001000000100000010
00100110010011001001100100110010
10101001010100101010010101001010
10101001010100101010010101001010
00100110010011001001100100110010
00100000010000001000000100000010
*
