11111111111111111111111111111111
11111111111111000011111111111111
11111111111100000000111111111111
11111111110000111100001111111111
11111111100011111111000111111111
11111111001111111111110011111111
11111110011111111111111001111111
11111100111111111111111100111111
11111100111111111111111100111111
11111001111111111111111110011111
11111001111111111111111110011111
11110011111111111111111111001111
11110011111111111111111111001111
11100111111111111111111111100111
11100111111111111111111111100111
11100111111111111111111001100111
11001111111111111111110000110011
11001111111111111111110000010011
11001111111111111111110000000011
11001111111111111111111000000011
10011100000111111111111000000001
10011000000011111111111100000001
10010000000011111111111100000001
10000000000011111111100110000001
10000000000011111111000000000001
00000000000111111111000000000000
00000000000111111111000000000000
00000000011111111111100000000000
00011111111111111111110000000000
00000011111111111111111000000000
00000001111111111111111110000000
00000001111111111111111111100000
00000001111111111111111110000000
00000011111111111111111000000000
00011111111111111111110000000000
00000000011111111111100000000000
00000000000111111111000000000000
00000000000111111111000000000000
10000000000011111111000000000001
10000000000011111111100110000001
10010000000011111111111100000001
10011000000011111111111100000001
10011100000111111111111000000001
11001111111111111111111000000011
11001111111111111111110000000011
11001111111111111111110000010011
11001111111111111111110000110011
11100111111111111111111001100111
11100111111111111111111111100111
11100111111111111111111111100111
11110011111111111111111111001111
11110011111111111111111111001111
11111001111111111111111110011111
11111001111111111111111110011111
11111100111111111111111100111111
11111100111111111111111100111111
11111110011111111111111001111111
11111111001111111111110011111111
11111111100011111111000111111111
11111111110000111100001111111111
11111111111100000000111111111111
11111111111111000011111111111111
11111111111111111111111111111111
*
11111111111111111111111111111111
11111111111111111111110011111111
11111111111111111111101011111111
11111111111111111111011011111111
11111111111111111110110111111111
11111111111110000001110111111111
11111111111000000011101111111111
11111111100000000111100111111111
11111111000000001111100011111111
11111110000000011111000001111111
11111110000000111111000001111111
11111100000001111110000000111111
11111100000011111110000000111111
11111000000111111110000000011111
11111000000000111100000000011111
11111000000000011100000000011111
11111000000000111000000000011111
11111000000000111100000000011111
11111000000001111111100000011111
11111100000001111111000000111111
11111100000001111110000000111111
11111110000011111100000001111111
11111110000011111000000001111111
11111111000111110000000011111111
11111111100111100000000111111111
11111111110111000000011111111111
11111111101110000001111111111111
11111111101101111111111111111111
11111111011011111111111111111111
11111111010111111111111111111111
11111111001111111111111111111111
11111111111111111111111111111111
*
11111111111100000000111111111111
11111111100000000000000111111111
11111111000000000000000011111111
11111100000001111110000000111111
11111000001111100111110000011111
11110000111111100111111100001111
11100001111011000011011110000111
11100011100111000011100111000111
11000111000111000011100011100011
10000110001110000001110001100001
10001100001110000001110000110001
10001100001110000001110000110001
00011100000100000000100000111000
00011100000000000000000000111000
00011110000000000000000001111000
00011110010000000000001001111000
00011110111110000001111101111000
00011111111111000011111111111000
00001111111111100111111111110000
10001111111111100111111111110001
10001111111111100111111111110001
10000111111111100111111111100001
11000111111111000011111111100011
11100011111111000011111111000111
11100001111111000011111110000111
11110000111111000011111100001111
11111000001111000011110000011111
11111100000001111110000000111111
11111111000000000000000011111111
11111111100000000000000111111111
11111111111100000000111111111111
11111111111111111111111111111111
*
11111000000000000000000000011111
11110000000000000000000000001111
11100110000000000000000010000111
11001100000011111100000000000011
11011000000011111111000000001011
10011000000111111111100000001001
00110000000011111111110000001100
00110000000000011111111111111100
10010000000000000000000111111001
11000000000000000000000001110011
11100000000000000000000000000111
11110000000011111111110000001111
11111000111111111111111000011111
11111100111100011111111000111111
11111110010000011111110001111111
11111111000000001110000011111111
11111111100000000000000111111111
11111111110000000000001111111111
11111111111000000000011111111111
11111111111100111100111111111111
11111111111110011001111111111111
11111111111111000011111111111111
11111111111111100111111111111111
11111111111111111111111111111111
*
11111111111111111111111111111111
11111111111111111100000011111111
11111111111111111100000011111111
11111111111111111000000011111111
11111111111111111000000011111111
11111111111110000000000011111111
11111111111000000000000011111111
11111111100001100000000011111111
11111111000111100000000001111111
11111110011111000000000000111111
11111100111111000000000010011111
11111001111110000000000011001111
11111001111110000000000011001111
11110011111100000000000011100111
11110011111100000000000011100111
11100111111000000100000011110011
11100111111000000100000011110011
11100111110000001100000011110011
11100111110000000000000011110011
11100111100000000000000011110011
11100111100000000000000011110011
11100111000000000000000011110011
11110011000000000000000011100111
11110010000001111100000011100111
11111000000001111100000011001111
11111000000011111100000011001111
11111100000011111111111110011111
11111000000111111111111100111111
11111000000111111111110001111111
11110000000001111111000011111111
11110000001000000000001111111111
11100000011110000000111111111111
11100000011111111111111111111111
11111111111111111111111111111111
*
11111111111111111111111111111111
11111111111111111110000001111111
11111111111111110000000000011111
11111111111110001111000000001111
11111110000001111111111100000111
11111000000011111111111111000011
11110000001111111111111111100001
11100011100000000001111111100001
11101111000000011000111111100000
11111110000011111001111111100000
11111100000011110001111111000000
11111000000111111111111111000000
11111000000111111111111110000000
11110000000111111111111100000000
11100000001111111111111000000001
11100000001111111111100000000001
11000000011111111111100000000011
11000000011111111111110000000011
10000000011111001111110000000111
10000000111111000111110000000111
00000000111110000111111000001111
00000000111110000011111000011111
00000001111110000001111000011111
00000001111100000000111100111111
00000011111100000000011101111111
00000011111000000000001101111111
10000011111000000000000001111111
10000111100000000000001001111111
11000110000000000000111100111111
11100000000000000001111110111111
11110000000000000111111111111111
11111000000000011111111111111111
11111110000001111111111111111111
11111111111111111111111111111111
*
11111111111111111111111111111111
11111111111100000000111111111111
11111111100000000000000111111111
11111111000011111111000011111111
11111100001111111111110000111111
11111000111110000001111100011111
11110001110000000000001110001111
11100011100001101110000111000111
11100111000111100111100011100111
11001110011111100111111001110011
10001100111111100111111100110001
10011000111111000011111100011001
10011001111111000011111110011001
00111001111110000001111110011100
00110010000000000000000001001100
00110011100000000000000111001100
00110011110000000000001111001100
00110011111000000000011111001100
00110011111100000000111111001100
00110011111100000000111111001100
00111001111000000000011110011100
10011001111000000000011110011001
10011000111000111100011100011001
10001100110001111110001100110001
11001110010111111111101001110011
11100111000111111111100011100111
11100011100001111110000111000111
11110001110000000000001110001111
11111000111110000001111100011111
11111100001111111111110000111111
11111111000011111111000011111111
11111111100000000000000111111111
11111111111100000000111111111111
11111111111111111111111111111111
*
11111111111111111111111111111111
11000000000000000000000000000011
11000000000000000000000000000011
11000000000000000000000000000011
11000000000000000000000000000011
11000000000000000000000000000011
11111111100000000000000111111111
11111110000000000000000001111111
11111100000000000000000000111111
11111100000001111110000000111111
11111000000111111111100000011111
11110000001111111111110000001111
11110000011111111111111000001111
11110000011111111111111000001111
11100000111111111111111100000111
11100000111111111111111100000111
11100000111111111111111100000111
11100000111111111111111100000111
11100000111111111111111100000111
11100000111111111111111100000111
11110000011111111111111000001111
11110000011111111111111000001111
11110000001111111111110000001111
11111000000111111111100000011111
11111100000001111110000000111111
11111100000000000000000000111111
11111110000000000000000001111111
11111111100000000000000111111111
11000000000000000000000000000011
11000000000000000000000000000011
11000000000000000000000000000011
11000000000000000000000000000011
11000000000000000000000000000011
11111111111111111111111111111111
*
11111111111111111111111111111111
11111111111100000000111111111111
11111111100000000000000111111111
11111111000000000000000011111111
11111100000001111110000000111111
11111000001111111111110000011111
11110000111111111111111100001111
11100001111111110000011110000111
11100011111111100000011111000111
11000111111111000000011111100011
10000111111110000000011111100001
10001111111100000000011111110001
10001111111000000000011111110001
00001111110000000000011111110000
00011111100000010000011111111000
00011111000000110000011111111000
00011110000001110000011111111000
00011100000000000000000001111000
00011100000000000000000001111000
00011100000000000000000001111000
00001100000000000000000001110000
10001100000000000000000001110001
10001111111111110000011111110001
10000111111111110000011111100001
11000111111111110000011111100011
11100011111111110000011111000111
11100001111111110000011110000111
11110000111111111111111100001111
11111000001111111111110000011111
11111100000001111110000000111111
11111111000000000000000011111111
11111111100000000000000111111111
11111111111100000000111111111111
11111111111111111111111111111111
*
11111111111111111111111111111111
11111111111100000000111111111111
11111111100000000000000111111111
11111111000000000000000011111111
11111100000001111110000000111111
11111000001111111111110000011111
11110000111111111111111100001111
11100001111111111111111110000111
11100011111111111111111111000111
11000111111111111111111111100011
10000111111111111111111111100001
10000000000000000000000000000001
10000000000000000000000000000001
00000000000000000000000000000000
00000000000000000000000000000000
00000000000000000000000000000000
00000000000000000000000000000000
00000000000000000000000000000000
00000000000000000000000000000000
00011111111100000000111111111000
00001111111100000000111111110000
10001111111100000000111111110001
10001111111100000000111111110001
10000111111100000000111111100001
11000111111100000000111111100011
11100011111100000000111111000111
11100001111100000000111110000111
11110000111100000000111100001111
11111000001100000000110000011111
11111100000000000000000000111111
11111111000000000000000011111111
11111111100000000000000111111111
11111111111100000000111111111111
11111111111111111111111111111111
*
11111111111111111111111111111111
11111111111100000000111111111111
11111111100000000000000111111111
11111111000000000000000011111111
11111100000000000000000000111111
11111000000001111110000000011111
11110000001111111111110000001111
11100000001111111111110000000111
11100000000111111111100000000111
11000000000011111111000000000011
10000000000001111110000000000001
10000110000000111100000001100001
10000111000000011000000011100001
00000111100000000000000111100000
00001111110000000000001111110000
00001111111000000000011111110000
00001111111100000000111111110000
00001111111100000000111111110000
00001111111000000000011111110000
00001111110000000000001111110000
00000111100000000000000111100000
10000111000000011000000011100001
10000110000000111100000001100001
10000000000001111110000000000001
11000000000011111111000000000011
11100000000111111111100000000111
11100000001111111111110000000111
11110000001111111111110000001111
11111000000001111110000000011111
11111100000000000000000000111111
11111111000000000000000011111111
11111111100000000000000111111111
11111111111100000000111111111111
11111111111111111111111111111111
*
11111100110011001100110011001111
11111100110011001100110011001111
11111100110011001100110011001111
11111100110011001100110011001111
11111100110011001100110011001111
11111100110011001100110011001111
11111100110011001100110011001111
11111100110011001100110011001111
11111110011001100110011001100111
11111110011001100110011001100111
11111110011001100110011001100111
11111110011001100110011001100111
11111110011001000010011001100111
11111110011001000010011001100111
11111110011000111100011001100111
11111110011000111100011001100111
11111100110000111111000011001111
11111100110000111111000011001111
11111100110011001111000011001111
11111100110011001111000011001111
11111100110011000011110011001111
11111100110011000011110011001111
11111100110011000011110011001111
11111100110011000011110011001111
11110000000000000000000000001111
11110000000000000000000000001111
11001111111111111111111111110011
11001111111111111111111111110011
00111111000000000000000011111100
00111111000000000000000011111100
00111100111111111111111100111100
00111100111111111111111100111100
00110011111111100111111111001100
00110011111111100111111111001100
00110011111111111111111111001100
00110011001111111111111111001100
00110011001111111111111111001100
00110011111111111111111111001100
00110011111111111111100111001100
00110011111111111111100111001100
00110011111111111111111111001100
00110011111111111111111111001100
00110011111111111111111111001100
00110011111100111111111111001100
00110011111100111111111111001100
00110011111111111111111111001100
00110011111111110000000000001100
00110011111111110000000000001100
00110011000000001111111111001100
00110011000000001111111111001100
00110000111111111111111111110000
00110000111111111111111111110000
00110000111111111111111111111100
00110000111111111111111111111100
00110011001111111111001111111100
00110011001111111111001111111100
00110011110011111100001100001100
00110011110011111100001100001100
00111100111100111111111111001100
00111100111100111111111111001100
00111111000000111111111111001100
00111111000000111111111111001100
11001111111100111111111100001100
11001111111100111111111100001100
11110000000000111111001111001100
11110000000000111111001111001100
11111111110011111111111111001100
11111111110011111111111111001100
11111111001111111111001100001100
11111111001111111111001100001100
11111100111111111100001111111100
11111100111111111100001111111100
11111100111111111111111111110011
11111100111111111111111111110011
11111111000000001111111111001111
11111111000000001111111111001111
11111111111111110000000000111111
11111111111111110000000000111111
11111111111111111111111111111111
*
11111100110011001100110011001111
11111100110011001100110011001111
11111100110011001100110011001111
11111100110011001100110011001111
11111100110011001100110011001111
11111100110011001100110011001111
11111100110011001100110011001111
11111100110011001100110011001111
11111110011001100110011001100111
11111110011001100110011001100111
11111110011001100110011001100111
11111110011001100110011001100111
11111110011001100110011001100111
11111110011001100110011001100111
11111110011001100110011001100111
11111110011001100110011001100111
*