11111111111111111111111111111111
11111111110000000000001111111111
11111111110000000000001111111111
11111100001111111100000000111111
11111100001111111100000000111111
11110000001111111100000000001111
11110000001111111100000000001111
11000011111111111111000000000011
11000011111111111111000000000011
11000011110000000011111100000011
11000011110000000011111100000011
00111111000000000000111111111100
00111111000000000000111111111100
00111111000000000000111100001100
00111111000000000000111100001100
00001111000000000000110000000000
00001111000000000000110000000000
00000011110000000011110000000000
00000011110000000011110000000000
00000011111111111111111100001100
00000011111111111111111100001100
00001111000000000000000011111100
00001111000000000000000011111100
11000000111100111100111100000011
11000000111100111100111100000011
11110011111100111100111111001111
11110011111100111100111111001111
11110011111111111111111111001111
11110011111111111111111111001111
11111100111111111111111100111111
11111100111111111111111100111111
11111111000000000000000011111111
11111111000000000000000011111111
11111111111111111111111111111111
*
11111111111111111111111111111111
11100000000000000000000000000111
11000000000000000000000000000011
10000000000000000000000000000001
00000000000000000000000000000000
00001100001111111111110000110000
00001100001111111111110000110000
00000000111111111111111100000000
00000000111111111111111100000000
00000011111100000000111111000000
00000011111100000000111111000000
00000011110000000000111111000000
00000011110000000000111111000000
00000000000000000011111111000000
00000000000000000011111111000000
00000000000000001111111100000000
00000000000000001111111100000000
00000000000000111111110000000000
00000000000000111111110000000000
00000000000000111111000000000000
00000000000000111111000000000000
00000000000000111100000000000000
00000000000000111100000000000000
00000000000000000000000000000000
00000000000000000000000000000000
00000000000000111100000000000000
00000000000000111100000000000000
00001100000000111100000000110000
00001100000000111100000000110000
00000000000000000000000000000000
10000000000000000000000000000001
11000000000000000000000000000011
11100000000000000000000000000111
11111111111111111111111111111111
*
11110011111111110011111111111111
11110011111111110011111111111111
11111100111111001111111111111111
11111100111111001111111111111111
11110000000000000011111111111111
11110000000000000011111111111111
11000011000000110000111111111111
11000011000000110000111111111111
00000000000000000000001111111111
00000000000000000000001111111111
00110000000000000011001111111111
00110000000000000011001111111111
00110011111111110011001111111111
00110011111111110011001111111111
11111100001100001111111111111111
11111100001100001111111111111111
11111111111111111111111111111111
11111111111111111111111111111111
11111111111111001111111111001111
11111111111111001111111111001111
11111111111111110011111100111111
11111111111111110011111100111111
11111111111111000000000000001111
11111111111111000000000000001111
11111111111100001100000011000011
11111111111100001100000011000011
11111111110000000000000000000000
11111111110000000000000000000000
11111111110011000000000000001100
11111111110011001111111111001100
11111111111111110000110000111111
11111111111111110000110000111111
11111111111111111111111111111111
11111111111111111111111111111111
*
11111100000000000011111111111111
11111100000000000011111111111111
11000000000000000000001111111111
11000000000000000000001111111111
00000000000000000000000011111111
00000000000000000000000011111111
00000011110000111100000011111111
00000011110000111100000011111111
00000000000000000000000011111111
00000000000000000000000011111111
11111100001111000011111111111111
11111100001111000011111111111111
11110000110000110000111111111111
11110000110000110000111111111111
00001111111111111111000011111111
00001111111111111111000011111111
11111111111111111111111111111111
11111111111111111111111111111111
11111111111111000000000000111111
11111111111111000000000000111111
11111111110000000000000000000011
11111111110000000000000000000011
11111111000000000000000000000000
11111111000000000000000000000000
11111111000000111100001111000000
11111111000000111100001111000000
11111111000000000000000000000000
11111111000000000000000000000000
11111111111111000011110000111111
11111111111111000011110000111111
11111111111100001100001100001111
11111111111100001100001100001111
11111111000011111111111111110000
11111111000011111111111111110000
11111111111111111111111111111111
11111111111111111111111111111111
*
11111100000011111111111111111111
11111100000011111111111111111111
11110000000000111111111111111111
11110000000000111111111111111111
11000000000000001111111111111111
11000000000000001111111111111111
00001100000011000011111111111111
00001100000011000011111111111111
00000000000000000011111111111111
00000000000000000011111111111111
11110011111100111111111111111111
11110011111100111111111111111111
11001100000011001111111111111111
11001100000011001111111111111111
00110011001100110011111111111111
00110011001100110011111111111111
11111111111111111111111111111111
11111111111111111111111111111111
11111111111111111111000000111111
11111111111111111111000000111111
11111111111111111100000000001111
11111111111111111100000000001111
11111111111111110000000000000011
11111111111111110000000000000011
11111111111111000011000000110000
11111111111111000011000000110000
11111111111111000000000000000000
11111111111111000000000000000000
11111111111111111100111111001111
11111111111111111100111111001111
11111111111111110011000000110011
11111111111111110011000000110011
11111111111111001100110011001100
11111111111111001100110011001100
11111111111111111111111111111111
11111111111111111111111111111111
*
11111111111111111111111111111111
11111111111100000000111111111111
11111111100000000000000111111111
11111111000000000000000011111111
11111100000000000000000000111111
11111000000000000000000000011111
11110000000000000000000000001111
11100000000000000000000000000111
11100000000000000000000000000111
11000000000000000000000000000011
10000000000000000000000000000001
10000000000000000000000000000001
10000000000000000000000000000001
00000000000000000000000000000000
00000000000000000000000000000000
00000000000000011000000000000000
00000000000000011000000000000000
00000000000000111100000000000000
00000000000000111100000000000000
00000000000000111100000000000000
00000000000001111110000000000000
10000000000001111110000000000001
10000000000011111111000000000001
10000000000011111111000000000001
11000000000111111111100000000011
11100000000111111111100000000111
11100000000111111111100000000111
11110000001111111111110000001111
11111000001111111111110000011111
11111100011111111111111000111111
11111110011111111111111001111111
11111111111111111111111111111111
*
11111111111111111111111111111111
11111111111111111111111111111111
11111111111111111111111111111111
11111111111111111111111111111111
11111111111111000011111111111111
11111111111100000000111111111111
11111111111000000000011111111111
11111111111000000000011111111111
11111111110000000000001111111111
11111111110000000000001111111111
11111111110000000000001111111111
11111111110000000000001111111111
11111111111000000000011111111111
11111111111000000000011111111111
11111111111100000000111111111111
11111111111111000011111111111111
11111111111111111111111111111111
11111111111111111111111111111111
11111111111111111111111111111111
11111111111111111111111111111111
*
11111111111111111111111111111111
11111111111111111111111111111111
11111111111111111111111111111111
11111111111111111111111111111111
11111111111100000000000000011111
11111111110000000000000000111111
11111111100000000000000001111111
11111111000000000000000000111111
11111110000000000000000000011111
11111100001111000000000000011111
11111100011111100000000001111111
11111000011100100000000000111111
11111000011000100000000000011111
11111000001111000000000000011111
11111000000000000000000000011111
11111000000000000000000000011111
11111000001111000000000000111111
11111100011111100000000001111111
11111100011100100000000000011111
11111110011000100000000000011111
11111111001111000000000000111111
11111111100000000000000001111111
11111111110000000000000000111111
11111111111100000000000000011111
11111111111111111111111111111111
11111111111111111111111111111111
11111111111111111111111111111111
11111111111111111111111111111111
*
11111111111111111111111111111111
11111111111111100111111111111111
11111111111111000011111111111111
11111111111111000011111111111111
11111111111110000001111111111111
11111111111110000001111111111111
11111111111100000000111111111111
11111111111100000000111111111111
11111111111000000000011111111111
11111111111000000000011111111111
11111111110000000000001111111111
11111111110000000000001111111111
11111111100000000000000111111111
11111111100000000000000111111111
11111111000000000000000011111111
11111111000000000000000011111111
11111110011111111111111001111111
11111110001111111111110001111111
11111100001111111111110000111111
11111100000111111111100000111111
11111000000111111111100000011111
11111000000011111111000000011111
11110000000011111111000000001111
11110000000001111110000000001111
11100000000001111110000000000111
11100000000000111100000000000111
11000000000000111100000000000011
11000000000000011000000000000011
10000000000000011000000000000001
10000000000000000000000000000001
00000000000000000000000000000000
11111111111111111111111111111111
*
11111111111111111111111111111111
11000000001111000011110000000011
10000000000110000001100000000001
00000000000000000000000000000000
00000000000110000001100000000000
00000000000111000011100000000000
00000000000111100111100000000000
00000000001111100111110000000000
00000000011110000001111000000000
00000000111000000000011100000000
00000001110000000000001110000000
10000011100000000000000111000001
11011111000011000011000011111011
11011111000111100111100011111011
10001110000111111111100001110001
00000110000111111111100001100000
00000000000111111111100000000000
00000000000111111111100000000000
00000110000011111111000001100000
10001110000011111111000001110001
11011111000001111110000011111011
11011111000000111100000011111011
10000011100000011000000111000001
00000001110000000000001110000000
00000000111000000000011100000000
00000000011110000001111000000000
00000000001111100111110000000000
00000000000111100111100000000000
00000000000111000011100000000000
00000000000110000001100000000000
00000000000000000000000000000000
10000000000110000001100000000001
11000000001111000011110000000011
11111111111111111111111111111111
*
11111111111111111111111111111111
11111111111100000100111111111111
11111111110000000100001111111111
11111111100000000010000011111111
11111100011000000010000000111111
11111000000110000001000000011111
11110000000001100001000000001111
11100000000000011000100000001111
11000000000001111110100000001011
11000000000111111111110000010011
11000000011111111111110000010011
10000001111111111111111000100001
10000110011111111111111000100001
10011000111111111111111101000001
11100000111111111111111101000001
10000001111111111111111110000001
10000001111111111111111110000001
10000010111111111111111100000111
10000010111111111111111100011001
10000100011111111111111001100001
10000100011111111111111110000001
11001000001111111111111000000011
11001000001111111111100000000011
11010000000101111110000000000011
11110000000100011000000000000111
11110000000010000110000000001111
11111000000010000001100000011111
11111100000001000000011000111111
11111111000001000000000111111111
11111111110000100000001111111111
11111111111100100000111111111111
11111111111111111111111111111111
*
11111111111111111111111111111111
11111111111100000000111111111111
11111111100000000000000111111111
11111111000011111111000011111111
11111100001111111111110000111111
11111000111111111111111100011111
11110000111111111111111100001111
11100000011110000001111000000111
11100000000000000000000000000111
11001100000000010000000000110011
10001110000000011000000001110001
10011110000000011000000001111001
10011110000000011100000001111001
00111110000000111100000001111100
00111100111111111111111100111100
00111100011111000011111000111100
00111100001111000011110000111100
00111100000111100111100000111100
00111100000010000001000000111100
00111100000010000001000000111100
00111110000011111111000001111100
10011110000111100111100001111001
10011110000111000011100001111001
10001110000100000000100001110001
11001100000000000000000000110011
11100000000000000000000000000111
11100000011110000001111000000111
11110000111111111111111100001111
11111000111111111111111100011111
11111100001111111111110000111111
11111111000011111111000011111111
11111111100000000000000111111111
11111111111100000000111111111111
11111111111111111111111111111111
*
11111111111111111111111111111111
11111111111100000000111111111111
11111111100000000000000111111111
11111111000000000000000011111111
11111100000000000000000000111111
11111000000000000000000000011111
11110000000000000000000000001111
11100000000000000000000000000111
11100000000000000000000000000111
11000000000000000000000000000011
10000000000000000000000000000001
10000000000000000000000000000001
10000000000000000000000000000001
00000000000000000000000000000000
00000000000000000000000000000000
00000000000000000000000000000000
00000000000000000000000000000000
00000000000000000000000000000000
01000000000000111100000000000010
01111000000001111110000000011110
01111111000001111110000011111110
10111111111101111110111111111101
10111111111110111101111111111101
10111111111111000011111111111101
11011111111111111111111111111011
11101111111111111111111111110111
11101111111111111111111111110111
11110111111111111111111111101111
11111011111111111111111111011111
11111100111111111111111100111111
11111111011111111111111011111111
11111111100011111111000111111111
11111111111100000000111111111111
11111111111111111111111111111111
*
11111111111111111111111111111111
00000000000000000000000000000000
00000000000000000000000000000000
00000000000000000000000000000000
00011111111111111111111111111000
00011111111111111111111111111000
00011111111111111111111111111000
00011111111111111111111111111000
00011111111111111111111111111000
00000000001111111111111111111000
00000000000011111111111111111000
00000000000000111111111111111000
00011111110000001111111111111000
00011111111100000011111111111000
00011111111111000000111111111000
00011111111111110000001111111000
00011111111111111100000011111000
00011111111111111111000000111000
00011111001111111111110000001000
00011111000011111111111100000000
00011111000000111111111111000000
00011111000000001111111111110000
00011111000000000011111111111000
00011111000000000000111111111000
00011111000000000000001111111000
00011111000000000000000011111000
00011111000000000000000000111000
00011111000000000000000000001000
00011111000000000000000000000000
00011111000000000000000000000000
00000000000000000000000000000000
00000000000000000000000000000000
00000000000000000000000000000000
00011111111111111111111111111000
00011111111111111111111111111000
00011111111111111111111111111000
00011111111111111111111111111000
00011111111111111111111111111000
00000000000000000111111111111000
00000000000000011111111111100000
00000000000001111111111110000000
00000000000111111111111000000000
00000000011111111111100000000000
00000001111111111110000000000000
00000111111111111000000000000000
00011111111111111111111111111000
00011111111111111111111111111000
00011111111111111111111111111000
00011111111111111111111111111000
00011111111111111111111111111000
00000000000000000000000000000000
00000000000000000000000000000000
00000000000000000000000000000000
11111111111111111111111111111111
*
11111111111111111111111111111111
11111111111110100101111111111111
11111111111000100100011111111111
11111111100000100100000111111111
11111111000000100100000011111111
11111110000000100100000001111111
11111110000000100100000001111111
11111100000000100100000000111111
11111100000000100100000000111111
11111100000000100100000000111111
11111100000000100100000000111111
11111100000000100100000000111111
11111100000000100100000000111111
11111100000000100100000000111111
11111100110000100100001100111111
11111001001110011001110010011111
11111010011111000011111001011111
11110010011111000011111001001111
11110100001111000011110000101111
11100100000000000000000000100111
11101000000000000000000000010111
11001000000000000000000000010011
11001000000000000000000000010011
10010010000000011000000001001001
10010001000000100100000010001001
00000000100001000010000100000000
00101111110010100101001111110100
00111111111100100100111111111100
10111111111110100101111111111101
11111111111111111111111111111111
*
11111111111111111111111111111111
00000000000000000000000000000000
00000000000000000000000000000000
00000000000000000000000000000000
00000000000000000000000000000000
00001111111100000000111111110000
00001111111100000000111111110000
00001111111100000000111111110000
00001111111100000000111111110000
00001111111100000000111111110000
00001111111100000000111111110000
00001111111100000000111111110000
00001111111100000000111111110000
00000000000011111111000000000000
00000000000011111111000000000000
00000000000011111111000000000000
00000000000011111111000000000000
00000000000011111111000000000000
00000000111111111111111100000000
00000000111111111111111100000000
00000000111111111111111100000000
00000000111111111111111100000000
00000000111111111111111100000000
00000000111111111111111100000000
00000000111111111111111100000000
00000000111111111111111100000000
00000000111100000000111100000000
00000000111100000000111100000000
00000000111100000000111100000000
00000000111100000000111100000000
00000000000000000000000000000000
00000000000000000000000000000000
00000000000000000000000000000000
00000000000000000000000000000000
11111111111111111111111111111111
*
11111111111111111111111111111111
11111000001111111111110000011111
11100000000111111111100000000111
11000000000011111111000000000011
10000000000001111110000000000001
10000000000001111110000000000001
00000000000001111110000000000000
00000000000001000010000000000000
00000000000000000000000000000000
00000000000000000000000000000000
10000000000000000000000000000001
11000000000000000000000000000011
11100000000000000000000000000111
11111110000000000000000001111111
11111110000000000000000001111111
11111100000000000000000000111111
11111100000000000000000000111111
11111100000000000000000000111111
11111100000000000000000000111111
11111100000000000000000000111111
11111110000000000000000001111111
11111110000000000000000001111111
11111111000000000000000011111111
11111111100000000000000111111111
11111111110000000000001111111111
11111111111000000000011111111111
11111111111110000001111111111111
11111111111111111111111111111111
*
11111111111111111111111111111111
11111111110001111110001111111111
11111111100000111100000111111111
11111000001100111100110000011111
11100000011110011001111000000111
11000000111110011001111100000011
10000000111111000011111100000001
10000001111110011001111110000001
00000001111110011001111110000000
00000001111111000011111110000000
00000000111111000011111100000000
00000000111110000001111100000000
10000000011000000000011000000001
11000000000000000000000000000011
11100000000000000000000000000111
11111110000000000000000001111111
11111110000000000000000001111111
11111100000000000000000000111111
11111100000000000000000000111111
11111100000000000000000000111111
11111100000000000000000000111111
11111100000000000000000000111111
11111110000000000000000001111111
11111110000000000000000001111111
11111111000000000000000011111111
11111111100000000000000111111111
11111111110000000000001111111111
11111111111000000000011111111111
11111111111110000001111111111111
11111111111111111111111111111111
*